0.8090909090909092 [155  10   7   1  10   2  38] 600.121008303
0.7882882882882883 [275 243  10   5   9  11   1   1   9  10  20] 603.2179107079992
0.8882978723404256 [295 119 164   5   2   9   5  16   9   1   1   1  10  10  28] 603.4183304589988
0.9254302103250479 [286 208 250 232   9   8   9   5   6  12   4   4   1   1   1   1   9   5
   7] 600.9623608040001
0.9406130268199234 [152 125  72 231 285   8   4   8   5   8  13  11   1   4  12   1   1   1
   1   1  10  10  46] 605.2357093169994
#After William modification
0.3478260869565218 [171   4   5   1  10   3   5] 602.8959845351055
0.4647887323943662 [286 212   5   2   9   1   1   1  10   7  23] 601.5898167360574
