cubic 25 timesteps 0.2978148148148148 [ 4 13  2 10 10  9  2  0  5  8  0  2  1  5  7  2 18 19  1  4  0 18 20 23
 24] 3151.334553772118
bbr 25 timesteps 0.14305882352941177 [ 4 10 15  5  0  1  9  5  5 21 20  7 14 21 15  2 18  7 17  7 12 19  3  1
 19] 3292.0303371739574
reno 25 timesteps 0.28796825396825393 [17 23  2  1  3  0  2  0  0  4  0 17  1 17  8  3  8 10  1 23  0 23  5  9
  4] 3352.644729038002
vegas 25 timesteps 0.26898039215686265 [ 9  5  0  8 12  1  6  7  5  5 14 20 18  0  8  7  2  5 17  6 15 16  6 12
 23] 3103.5421213079244
cubic 50 timesteps 0.11871328671328672 [ 3  1 15 17 17  9  8  4  8  8  0  9 16 14 18  6 16 19  6  6 20 14 22  2
  7 24  6  1  6  7 17  0 13  0  4  0 16  6 14  4  4  2 17 18 12 21  8 16
  2 16] 3605.4896773309447
cubic 75 timesteps 0.10497674418604662 [17  1 24  1 12  1  9  5 10 18  0  2  3 18 19  3  8 12  0 24  1  2 10  6
 17  1  3  0  1 21 21 16  5 15  6  8 12 12  7  8 10 17  9 19  1 14  0 16
  6  0  4 11  1 19 16 17  3  3  9  5  2 24  4  6 21 22 15 16 23 15 23  6
 20  6 10] 3605.966585548129
cubic 100 timesteps 0.053547073791348564 [ 0 13  5 11  9 21  3  2  6  7 23  2 23  5 10  1  0  8 17  2  2  1 16  0
 24 16  1  1 18  0  9 23 14  1  5  9 13 19  7  6 16 13  8 14  4 12  1 11
 10 17 20  7 22 15  5 22 23  2  6 24  2  1  7 19  5  0 21  2 19 12 13  4
 17  0 19 24  8 24 14 23 24 10 14  1  0 10 16 15 16  0  0 14  1 15 19 13
 11  7  9 21] 3607.507329393178
bbr 50 timesteps 0.12853333333333328 [21  1 24  0 14  3  2  4  2  8  0  9 12 13  2 23 21 15  7 10 17 24  9 13
  4  4  9 16  2 23 17  0  8 24  2  4  3 20 12 15  5 13 24 24 12 21  8 14
  7  7] 3600.2334860169794
bbr 75 timesteps 0.09292081031307557 [ 0 13  5  5  0  9  0  2  6 12  0  5 11 17 23  1 20  5 17 16  9 24 22  6
 23  7 19 20 16  9  3 15  1  2 17 18 20 16  2  5 18 19  2  2 14  0 17  4
 13 22 18  8  4 14 13  4 11 16 17 11 22 24 22  2  5  0 21  2 19 14 18  3
  2 10  1] 3605.7911628801376
bbr 100 timesteps 0.05908066971080672 [ 0 13 12  5  0  9 14 16  6 12  3  5 11  5 10  1  0  8 13 22  0 18 20  9
  4 21  5 23  8 12  3 19  7 14 12 23 12  7 12 20  4  7 24  0  8  7  7  3
 10 11 21 11 18  9 14 21 22  7 10  1  1  3 12  2 12 21  2 15 10 10 17  2
  2 19 11 24 13  2 23 16 14  8 23 16 14  3 17  2  1 12 10 15  6  0 23 12
  2 11 10  7] 3608.0102088409476
reno 50 timesteps 0.12998198198198194 [17 22  4  1 12  9  1  1  9  8  0 15 15  1 22  2 18  6  1  4  0 16  2  9
  4 21  5 23  6 12  3 19  7 14 12 19 18  7  1 21  4  7  4  0  8  7  7  3
 10 11] 3604.1212460990064
reno 75 timesteps 0.09957115009746592 [17 13 24  1 12  1  6  4  7 17 20  7 14 10  4  3  8 10  0  2  1 24 10  6
  8 18  3 20  1 21 21 16  5 15 19 20  8 12  4  8 10 10  9 19  1 20  1 19
 15 11 21 11 18  9 14 21 11  2 11 16 18 18  5 19  1 17 22  9 13  0 14  3
 20  6 10] 3605.7730430138763
reno 100 timesteps 0.06751248164464005 [ 0  0  0  8  0  4  2 18 22  0  5  6 20  1 22  2  6  3 17 16  0 16  2 24
  7 10  5  9 21 18 19 11 24 14  9 23  2 20 11 13  5 20 11 20 20  7  9 24
  3 13 23 19  4 20  5  1 12 17  2 12  4 12 15 18  6 11  2 15  0 20 17  2
  3 13 18  5  4  3 24 12  5  3 18 22 12  3 22 13 18 13 10 13 10 24 19  9
  2 11  1  2] 3601.159706654027
vegas 50 timesteps 0.2728769574944071 [12 18 22 11  3 13 19 24 11  9  0  0 20  2 22 18 18  7 19  9 15 22 21 24
  5  7  1  0  3  3 10 13 22 23  4  9 12  0 20  4 18  4  2  1  5  7 17  6
  2 16] 3600.9924686299637
vegas 75 timesteps 0.18388888888888888 [11 18 22 14  3 13 19 24 17 21 20  7 14 21 14  3  8 10  0 24  1 16  2  6
  3  0  7 14 24 17  7 15  3 23  4 20 12  0 20  8  8  4  5 22  1  3 10  7
  0 13  1 18 15 10 10 13  5  1  1  1 12 24 10 13 14 12  6 20 15 19  9  3
 23  7  3] 3600.307433248963
vegas 100 timesteps 0.19034586466165415 [ 0 13 12  5  0  9 14 16  6 23  3  5 11  1 14  2 16 17  5 20  0 22  9  1
  3  0  5 23  8 12  3  4  3 23  4  9 12  0 12  2 18  4  2  1  5  7 17  6
 15 16 23 18 15 10 10 13  5  1  1  1 12 24 17 13 14 12  6  3 15  2  9  3
 23  9 14 21 22  2 19 24 22 14  3 23 19  7 19 10  8 10  3  4 12 24 11  9
  2 11 11  2] 3600.5573803831358
