bbr 1 0.5601500759303945 [76  1  1 20 14 70] 3606.683776244987
cubic 1 0.5467584449088102 [102   1  48  17  12 499] 3609.4098898661323
vegas 1 0.8584062721107113 [ 85   9   1   1  14 480] 3608.9681853579823
wvegas 1 0.4783401835198763 [ 77   1  77  20  14 140] 3611.315031631151
balia 1 0.4910870467564404 [ 98   1   8  17  17 159] 3612.6551512009464
olia 1 0.5558430742282969 [80  1  8  4 40 23] 3612.8734408069868
bbr 1 0.73618747659352 [109   1   4  18   3   3   1   1  16  22 216] 3615.555365420878
cubic 1 0.6538531856525427 [109 106   4  16   3   8   3   1  16  15  89] 3610.020282573998
vegas 1 0.8029930785696082 [109  45   3  18   3   8   1   7  19  17  89] 3613.8109962320887
wvegas 1 0.5858728392672556 [ 85   1   1   1   3   3   1  12  19  16 216] 3614.598939102143
balia 1 0.7952258680362639 [109 106   4  20   3  27   3   7  20  25 194] 3602.613660753006
olia 1 0.8747314955480434 [109 106   4  20   3   8   3   1  16  25  89] 3606.214863952948
bbr 1 0.593538832035645 [ 65 106 105   3   5  10  23   7  17   4   5   7   6  15  12 279] 3601.396133447066
cubic 1 0.5878286334517289 [ 65  95  71   4   3  10  23   7  41   4  16   7   6  15  12 279] 3607.258667885093
vegas 1 0.6668312505718687 [ 65  95  71   4   5  17  23   7  17   4   5   7   6  15  12 279] 3604.0477526329923
wvegas 1 0.468030616514729 [ 66 106  71   7   2  11  46   7   6   4   5   7   6  15   5 451] 3601.9074694719166
balia 1 0.7033192160178424 [ 65 106 107   1  18  10  70   7  17   4   5  17   5  15  12 279] 3617.8799468469806
olia 1 0.6188283154858079 [ 65  95 107  16   4   8  23   7  34   4   5   7   6  15   7 279] 3600.3837938450743
bbr 1 0.7805529800945443 [108  51   4  10   1  11  17  14   1  33 100  43  17   8  20   5  13   5
   8   6 161] 3606.7563421670347
cubic 1 0.5497556090568523 [ 26  64 114  24   7   5  17   8  33   2   8 117  20   3  10  10  11   5
  13   3 240] 3608.6879351818934
vegas 1 0.4694287561669242 [ 80 120   4   8   1   1  19   7   1  45  20 117  20   3  10  10  11   5
   9   6 220] 3612.447196863126
wvegas 1 0.2723079774047606 [ 80 120   4   8   1   1  17   8  34  25  35  18  20  19  14   9  13   5
   8   3 433] 3607.80410853005
balia 1 0.6484384041733912 [110  10  25 104  14   1   6  18  49 107  25  18  11  17  20  19   8   5
   7  13 219] 3601.6807193229906
olia 1 0.7304109358989209 [110  10 115 101  14   1   6  18  49  69   6  18  11  13   8  18   8   5
   7  13 133] 3617.664231695002
bbr 1 0.45847574047367734 [110  10  69  68  89  14   7  14  11  20  31   1  15  77  28   6  18   2
   6  13   7   7   8   5   3 439] 3613.047304306878
cubic 1 0.7701431679603349 [ 10  88  71  27  93   8   2   1  14  16  69   1  15  77  99  19   7  17
  19  18   2   5   5   5   6 273] 3615.9450214449316
vegas 1 0.4093359223970164 [ 65  95  71  27  93  14   3   8  17  10  48  23  11  91  57  19  19   5
  19  15   7   5   5   8   2 455] 3606.5819582960103
wvegas 1 0.08372341580218456 [ 10  88  73 112  88   8   2   1  14  16  84   1 120  16  39  19  18   7
   9  17   4   7   8   8   6 273] 3608.231189594837
balia 1 0.7397562471187805 [115  64 114  24  53   1   6   9  15  11   6   1  15  77  65  17   9  18
  18   1  10  10   2   2   5 362] 3601.224240540061
olia 1 0.8831255878035629 [  6  51  46  92 100   8   2   7  14  16  33  14   4  91  99  18  15  17
   9  18   2   6   9   3   4 256] 3603.564446786884
bbr 2 0.5952193737875396 [107   2  91  19  10 324] 3520.4986237641424
bbr 2 0.7717403405805302 [103   5   3   3   1  60  20   9  23   6 470] 3600.0887492019683
bbr 2 0.594643016496035 [117  53 111   2   9   3  44  20   3   5   5  12   4   5  14 288] 3608.5764804240316
bbr 2 0.434845376223883 [ 76  34  51  35   1  18   9  19 114  59  77  34  10  20  20  16   4   8
   4  11 416] 3617.7362816729583
bbr 2 0.6779415264315138 [ 53  69   9 102 116   9   4  16   7  14  29  24   9 101 107  11  19  13
   3   1   9   7  10   3   2 377] 3616.1913791438565
cubic 2 0.6079924348399443 [  3  11  16  20  10 385] 3397.3845114340074
cubic 2 0.610152152136998 [ 38 108   3   7  41   8  11  20  10  20 234] 3600.026594593888
cubic 2 0.5932663193294727 [110  47 120  19   4   8   9 105   6  19   5  12   4   7  15 279] 3612.8829302550294
cubic 2 0.6579756109170812 [105 104  20  82  12   2  12  20  16   7   1  34   4  17  13  10   6   6
  12   4 399] 3613.392093185801
cubic 2 0.562919074822761 [ 76  77  98  82  81  16   2  20   6  14  39   4  47  83  79  10  20   9
  16  10  10  10   2   2   7 205] 3611.2109247359913
vegas 2 0.5869923964952856 [ 86   1  37  12  10 221] 3408.9599806680344
vegas 2 0.41696944335095387 [103  70   1   7  93   8  20  19  11   7 470] 3601.6416146620177
vegas 2 0.5975918379953012 [ 76  47 120  19   9  15  70  22   6   7  14  18   4  15  14  80] 3615.099493879825
vegas 2 0.44792303629555114 [115  53 111  87  11   8   3  20  16   7  29  83   4  11   2  16   8   8
   5  10 373] 3616.9778461751994
vegas 2 0.4536888225451551 [ 76  32  74  57 118  10   9   5  14  12  83  24   9  15  11   9  10  20
  12   1   5   8   6   9   6 469] 3612.163802043069
wvegas 2 0.4971510963915941 [57 15 18 20 10 56] 3489.0110627191607
wvegas 2 0.5327354515047289 [ 91   5   3   4   1  60  10   9  23  11 482] 3610.232975627063
wvegas 2 0.34313092417304986 [ 76  75 111   2   1   1   2  38  23   6   5  17  15  17   8  31] 3612.343181256205
wvegas 2 0.008053096585572348 [ 86  71  18  35   1  18  12   1  45  25  46  46  15  16  12  19   7   3
   6  10 413] 3614.5893172251526
wvegas 2 -0.08738480848958691 [ 44  69   9  22  91   9   3  13  15   1  37  48 106  98  43  20  20   6
   5  17  10   7   3   2   9 131] 3610.7153246011585
balia 2 0.5816721930205537 [110   2  79  20  10 497] 3470.0635291670915
balia 2 0.6332650602562542 [64 84  1 11 31  8  9  9 10 24 43] 3617.3926532431506
balia 2 0.7029603072434881 [110  25 120  19   1  18  12  22   6   7  20   3   4  13  14 279] 3604.7715268859174
balia 2 0.6255685368299547 [117  51  84  38  18   7  17  17  23   7   2  77   4  11  11   6  10   7
   9   3 256] 3606.508212442044
balia 2 0.728256902465532 [103   5  74  87 118   1  12  20  16  16  55  63  77  80  82  18  11   7
  15  14   3   2   2   2   9 226] 3605.1289251528215
olia 2 0.6012512867351044 [110   1  18  19  10 497] 3516.7814736610744
olia 2 0.6956449880254881 [ 64 108   1  11  78   8  11  16   5  11  43] 3619.132525294088
olia 2 0.6467949350554715 [110  47 120  19   4  18 108  22   6   6  20   3   4  13  15 279] 3613.9829891608097
olia 2 0.7021842589859212 [105  59 110  35   1  18  12  19 114   7   5  27  20  11   5   7   3  12
  12   5 399] 3605.1855189080816
olia 2 0.6704905609711064 [ 50  89 110 119  73   1  12  20   6  16  24   9   1  98  11   9  15   5
  18  18   6   8   9   4   6 304] 3608.781945907045
bbr 3 0.5732391821501938 [ 20   2  51  18  11 188] 3476.140562077984
bbr 3 0.8104302123224257 [97  8  3 18  2  9  8  4 20 18 52] 3616.394601637032
bbr 3 0.708817752343549 [108 111 117   1  11   1  25  14  12  18  17  14   3  10   5 438] 3616.1507382539567
bbr 3 0.5777142183189927 [108  70 106 114   5   2   1   1  43  91  27   5   4   8   8   3   3   4
   3  11 178] 3608.8200461461674
bbr 3 0.6477154432114539 [107  67  79 101 114   2  12   1  18  14   2  16  47   8   4   3   9  18
  20   7   8   8   3   9   8 166] 3604.2406042069197
cubic 3 0.6053207147469155 [107   1  79  19  10 162] 3414.182912568096
cubic 3 0.8449099690443377 [116  33   1  17   2   9   8   7  15  19  31] 3610.121269288007
cubic 3 0.7265789768347657 [120 111 117   2   5   8   3  14  12   8   8   4   5   4   6 164] 3602.1385614220053
cubic 3 0.5274815045259185 [108  98 106 115   2   8   6  11  31  10  27   5  17  18   4  12   7   4
   3  11 178] 3611.4657066459768
cubic 3 0.6495317145849461 [ 86   5  34  62  33   2  20  20  18  14   2  16  12  22   4   3   9  18
  15   2   3   6   3   2   3 194] 3612.057754294947
vegas 3 0.5924492585435789 [  6  14 100  17  10 472] 3489.0130682419986
vegas 3 0.8747827526053347 [ 97 103   5  18   2   9   5   4  20  18 266] 3610.4087106599472
vegas 3 0.4146926024062368 [120  25  57   2   2   8  54  37   5  20  20  11   8   8   4 164] 3613.117866009008
vegas 3 0.5412436653046915 [ 40  70 106 115  18   2   1   1 109  99   7   5   4   8   6  13   3   5
   7   6  18] 3610.946634141961
vegas 3 0.6453630864365976 [107  67 110 101  35   3  20  20   8  13   2  42  47   8   5  15   1   2
  13  18   8   4   3   9   8 166] 3612.0870969330426
wvegas 3 0.5787553026111243 [  6   2   2  17  10 403] 3575.203281240072
wvegas 3 0.7417242308518918 [ 97   8   1  17   3   9   8   3  20  18 266] 3614.8826143480837
wvegas 3 0.5051042023303297 [107   2  55   1   5   9   3  18 112   3   3  18  16  14   8 341] 3620.26515780692
wvegas 3 0.2204971626314202 [ 40  70 106 115  18   2   1   1  43  91  27   5   4   8   6  13   3   6
   7   6  18] 3611.046641725814
wvegas 3 0.22958974759883258 [ 86  51  34  62  33   2   1   1   3   3  19  16  23  30  69  19  18  17
  20  15  10   5   2   3   3 194] 3606.1790174820926
balia 3 0.5897683900260896 [107   1   2  18  11 329] 3460.004759331001
balia 3 0.8889201919562845 [ 91 111   2  17   2   9   8   4  20  18 135] 3605.512231811881
balia 3 0.8395884043391095 [108 111 117   1  19   1  18  18   5  13   8   1   3  10   5 228] 3610.1483791498467
balia 3 0.6916908457675868 [108 111 117  72  11   2  10   7  22  23  19  36  18  15  13   6   3   4
   3   3 178] 3611.4469315169845
balia 3 0.6278341638759277 [107  67  79 101 116  20  13  13   8  13  28  42  47   8   5  19  18  17
  14   7   3   6   3   9  10 166] 3608.2022425390314
olia 3 0.5696819091196264 [103   2  17  19  11 472] 3545.869752793107
olia 3 0.8922102412645557 [117 111   2  17   2   9   8   4  20  18  79] 3605.3128398479894
olia 3 0.7924949484504675 [108 111 117   1  11  18   3   3  73   8  13   1   3  10   4 438] 3611.736493275035
olia 3 0.6454614404806517 [108  67  79 101   9   3  10  20  43  91  27   5   8  18   4  13   7   4
   3  11 178] 3601.8937536610756
olia 3 0.6661764100399612 [ 96   3 117 100 105  11   1   1  17  19  13  22  12  22   4   3  10   5
  15   2   6   6   8   6   8 385] 3610.6458438809495
