Reference: bbr
Initial trace: [54500, 500, 20, 90, 800, 1100, 1500, 1500, 5, 5, 800, 1100, 2160]
Initial p_score: 0.7576119593477121
Initial c_score: 0.33055064130915524
Simplified trace: [54500, 500, 20, 22, 800, 1100, 1500, 5, 800, 2160]
Simplified p_score: 0.7360490490680782
Simplified c_score: 0.17857695709862892
Reference: bbr
Initial trace: [51500, 2500, 15, 15, 1150, 300, 500, 30000, 100, 45, 1150, 300, 4700]
Initial p_score: 0.7828321924749292
Initial c_score: 0.36228438743918623
Simplified trace: [51500, 30900, 15, 15, 1150, 300, 500, 8300, 100, 45, 1150, 300, 4700]
Simplified p_score: 0.706828164541017
Simplified c_score: 0.2570322865988501
Reference: bbr
Initial trace: [48500, 4000, 15, 90, 1000, 900, 1000, 4500, 40, 20, 1000, 900, 520]
Initial p_score: 0.7951007650871152
Initial c_score: 0.3508403361344538
Simplified trace: [48500, 48500, 15, 78, 1000, 900, 1000, 1000, 40, 20, 1000, 900, 520]
Simplified p_score: 0.732439521641686
Simplified c_score: 0.23421052631578945
Reference: bbr
Initial trace: [32500, 53000, 52500, 15, 25, 50, 300, 750, 600, 11500, 3500, 8500, 20, 25, 35, 300, 750, 600, 2790]
Initial p_score: 0.5937134518268712
Initial c_score: 0.318609022556391
Simplified trace: [32500, 45500, 45500, 15, 15, 46, 300, 750, 600, 11500, 3500, 3500, 20, 20, 24, 300, 750, 600, 2790]
Simplified p_score: 0.5399737736708784
Simplified c_score: 0.29508513931888547
Reference: bbr
Initial trace: [58500, 26500, 55500, 10, 45, 15, 200, 250, 700, 22000, 10000, 1500, 25, 25, 60, 200, 250, 700, 2880]
Initial p_score: 0.5960556918559016
Initial c_score: 0.40139871738168953
Simplified trace: [58500, 58500, 58500, 10, 10, 10, 200, 250, 700, 22000, 22000, 4400, 25, 25, 29, 200, 250, 700, 2880]
Simplified p_score: 0.5364689779377207
Simplified c_score: 0.2711189739053516
Reference: bbr
Initial trace: [54000, 55500, 58500, 5, 55, 5, 150, 500, 250, 12500, 7000, 6000, 90, 85, 70, 150, 500, 250, 4380]
Initial p_score: 0.5827735193643772
Initial c_score: 0.3405019902697921
Simplified trace: [54000, 5, 150, 12500, 90, 150, 4380]
Simplified p_score: 0.7514243725057981
Simplified c_score: 0.0
Reference: bbr
Initial trace: [54000, 25500, 2000, 5000, 5, 55, 85, 70, 650, 250, 400, 300, 500, 16500, 50000, 21500, 85, 40, 100, 25, 650, 250, 400, 300, 1610]
Initial p_score: 0.729170157941019
Initial c_score: 0.5887512899896801
Simplified trace: [54000, 54000, 54000, 54000, 5, 5, 62, 70, 650, 250, 400, 300, 500, 500, 500, 500, 85, 85, 89, 40, 650, 250, 400, 300, 1610]
Simplified p_score: 0.6877170291196617
Simplified c_score: 0.42675438596491233
Reference: bbr
Initial trace: [38000, 17000, 25500, 17500, 5, 90, 45, 95, 200, 400, 200, 550, 57000, 29500, 38500, 17000, 50, 100, 100, 80, 200, 400, 200, 550, 4160]
Initial p_score: 0.4194510182976858
Initial c_score: 0.5515258735072976
Simplified trace: [38000, 17000, 22950, 22950, 5, 63, 45, 95, 200, 400, 200, 550, 57000, 57000, 38500, 36575, 50, 100, 100, 100, 200, 400, 200, 550, 4160]
Simplified p_score: 0.3981581180268904
Simplified c_score: 0.4853687527642636
Reference: bbr
Initial trace: [54000, 35000, 53000, 57000, 25, 10, 5, 5, 150, 200, 150, 550, 21500, 45500, 13500, 2500, 20, 40, 40, 15, 150, 200, 150, 550, 1780]
Initial p_score: 0.5776523590916447
Initial c_score: 0.4791390240306649
Simplified trace: [54000, 54000, 54000, 54000, 25, 25, 16, 10, 150, 200, 150, 550, 21500, 45500, 13500, 2500, 20, 20, 20, 20, 150, 200, 150, 550, 1780]
Simplified p_score: 0.584312649525351
Simplified c_score: 0.4284977148754239
Reference: bbr
Initial trace: [55000, 5000, 34500, 34000, 44500, 70, 35, 70, 55, 100, 350, 350, 400, 250, 150, 15500, 500, 7500, 38500, 14000, 30, 90, 10, 30, 65, 350, 350, 400, 250, 150, 4390]
Initial p_score: 0.41493003660058186
Initial c_score: 0.6951431888544892
Simplified trace: [55000, 16500, 16500, 29700, 44500, 70, 52, 52, 52, 78, 350, 350, 400, 250, 150, 15500, 7750, 7500, 11250, 14000, 30, 30, 10, 23, 65, 350, 350, 400, 250, 150, 4390]
Simplified p_score: 0.3916850382174685
Simplified c_score: 0.5816867536488279
Reference: bbr
Initial trace: [26500, 34500, 4500, 51000, 58000, 45, 20, 80, 35, 70, 450, 350, 500, 150, 100, 14500, 12000, 4500, 50500, 53500, 55, 95, 65, 15, 5, 450, 350, 500, 150, 100, 3770]
Initial p_score: 0.31818014829026203
Initial c_score: 0.6760835913312693
Simplified trace: [26500, 26500, 5300, 45, 45, 80, 450, 350, 500, 14500, 13775, 55, 80, 450, 350, 3770]
Simplified p_score: 0.4197205156068618
Simplified c_score: 0.26721306943830164
Reference: bbr
Initial trace: [53500, 33500, 39500, 50500, 57000, 10, 60, 5, 90, 70, 400, 400, 150, 450, 400, 1000, 8000, 23500, 4000, 2000, 15, 45, 90, 100, 35, 400, 400, 150, 450, 400, 1660]
Initial p_score: 0.5898105027556519
Initial c_score: 0.6643769349845201
Simplified trace: [53500, 10, 400, 1000, 15, 400, 1660]
Simplified p_score: 0.5485205075499524
Simplified c_score: 0.0
Reference: cubic
Initial trace: [54500, 53000, 20, 80, 800, 750, 1500, 4000, 15, 5, 800, 750, 890]
Initial p_score: 0.6922916450208706
Initial c_score: 0.22550862450243256
Simplified trace: [54500, 53000, 20, 52, 800, 750, 1500, 15, 800, 890]
Simplified p_score: 0.6356760407512287
Simplified c_score: 0.10775652366209643
Reference: cubic
Initial trace: [19000, 54000, 15, 35, 500, 1000, 20500, 4000, 55, 100, 500, 1000, 2340]
Initial p_score: 0.6174230893182344
Initial c_score: 0.31871959310039805
Simplified trace: [19000, 40850, 15, 35, 500, 1000, 20500, 4000, 55, 96, 500, 1000, 2340]
Simplified p_score: 0.5664701531916154
Simplified c_score: 0.28583038478549316
Reference: cubic
Initial trace: [58000, 16500, 5, 85, 750, 950, 1000, 4500, 40, 35, 750, 950, 310]
Initial p_score: 0.8628801425829128
Initial c_score: 0.3313799203892083
Simplified trace: [58000, 58000, 5, 70, 750, 950, 1000, 2300, 40, 35, 750, 950, 310]
Simplified p_score: 0.790525865251196
Simplified c_score: 0.21983635559486953
Reference: cubic
Initial trace: [32500, 47500, 35500, 20, 15, 50, 300, 750, 600, 11500, 3500, 20500, 20, 80, 35, 300, 750, 600, 2790]
Initial p_score: 0.5288215562545268
Initial c_score: 0.400016585581601
Simplified trace: [32500, 39000, 39000, 20, 20, 41, 300, 750, 600, 11500, 3500, 18200, 20, 53, 50, 300, 750, 600, 2790]
Simplified p_score: 0.49270979533612946
Simplified c_score: 0.318172268907563
Reference: cubic
Initial trace: [55000, 23500, 60000, 95, 20, 40, 200, 350, 750, 4500, 52500, 3000, 95, 25, 60, 200, 350, 750, 2790]
Initial p_score: 0.5045742975994115
Initial c_score: 0.5554234851835471
Simplified trace: [55000, 95, 200, 4500, 95, 200, 2790]
Simplified p_score: 0.6395900840139694
Simplified c_score: 0.0
Reference: cubic
Initial trace: [60000, 55500, 58500, 10, 25, 40, 250, 200, 300, 1500, 7000, 6000, 40, 40, 20, 250, 200, 300, 1640]
Initial p_score: 0.7047708556329841
Initial c_score: 0.29760061919504643
Simplified trace: [60000, 60000, 60000, 10, 11, 36, 250, 200, 300, 1500, 40, 250, 1640]
Simplified p_score: 0.6434135969029352
Simplified c_score: 0.14210526315789473
Reference: cubic
Initial trace: [13000, 32000, 57000, 12000, 35, 25, 85, 40, 550, 250, 650, 150, 16500, 1000, 4000, 58500, 100, 15, 50, 50, 550, 250, 650, 150, 2400]
Initial p_score: 0.6054081233575963
Initial c_score: 0.591515553589857
Simplified trace: [13000, 25350, 44362, 39926, 35, 30, 85, 85, 550, 250, 650, 150, 16500, 4125, 4000, 4200, 100, 100, 100, 100, 550, 250, 650, 150, 2400]
Simplified p_score: 0.5584639246509323
Simplified c_score: 0.4352779743476338
Reference: cubic
Initial trace: [52500, 52000, 10000, 41000, 60, 10, 60, 100, 300, 300, 600, 200, 8000, 3500, 500, 17000, 20, 85, 65, 50, 300, 300, 600, 200, 3990]
Initial p_score: 0.6644906219552109
Initial c_score: 0.5485404688191066
Simplified trace: [52500, 52000, 52000, 52000, 60, 60, 60, 63, 300, 300, 600, 200, 8000, 3500, 500, 550, 20, 20, 20, 20, 300, 300, 600, 200, 3990]
Simplified p_score: 0.6394441564802957
Simplified c_score: 0.38195304437564503
Reference: cubic
Initial trace: [54000, 49000, 53000, 57500, 10, 40, 30, 55, 350, 200, 150, 550, 15500, 5000, 13500, 2500, 85, 90, 20, 60, 350, 200, 150, 550, 1780]
Initial p_score: 0.5550528357199386
Initial c_score: 0.4844095532950022
Simplified trace: [54000, 54000, 54000, 56700, 10, 10, 10, 16, 350, 200, 150, 550, 15500, 15500, 15500, 3100, 85, 90, 76, 68, 350, 200, 150, 550, 1780]
Simplified p_score: 0.5003779586094005
Simplified c_score: 0.4000479139024031
Reference: cubic
Initial trace: [5000, 44000, 35500, 13500, 46500, 40, 10, 5, 70, 80, 100, 250, 250, 250, 300, 34500, 500, 7500, 38500, 49500, 95, 35, 85, 95, 90, 100, 250, 250, 250, 300, 2730]
Initial p_score: 0.27615630723376683
Initial c_score: 0.6747291021671826
Simplified trace: [5000, 40, 100, 34500, 95, 100, 2730]
Simplified p_score: 0.783142730150069
Simplified c_score: 0.0
Reference: cubic
Initial trace: [38000, 38500, 49000, 41000, 40500, 80, 10, 100, 30, 70, 500, 500, 100, 100, 350, 19500, 2000, 23500, 41500, 39500, 50, 100, 45, 80, 50, 500, 500, 100, 100, 350, 2050]
Initial p_score: 0.5730707040563969
Initial c_score: 0.6859658337019018
Simplified trace: [38000, 38500, 42350, 41000, 40500, 80, 28, 57, 43, 70, 500, 500, 100, 100, 350, 19500, 2000, 2700, 2835, 2835, 50, 55, 55, 61, 61, 500, 500, 100, 100, 350, 2050]
Simplified p_score: 0.5755900388124247
Simplified c_score: 0.5566360294117647
Reference: cubic
Initial trace: [43000, 2500, 17000, 31000, 16500, 10, 100, 100, 90, 70, 150, 300, 150, 100, 150, 1000, 8000, 6000, 11000, 2000, 15, 45, 90, 75, 10, 150, 300, 150, 100, 150, 1940]
Initial p_score: 0.6312347253824351
Initial c_score: 0.6463954002653693
Simplified trace: [43000, 10, 150, 1000, 15, 150, 1940]
Simplified p_score: 0.7119262511824761
Simplified c_score: 0.0
Reference: vegas
Initial trace: [54500, 22500, 15, 90, 950, 850, 1500, 4000, 5, 35, 950, 850, 890]
Initial p_score: 0.7947705293244778
Initial c_score: 0.33563688633348077
Simplified trace: [54500, 51775, 15, 67, 950, 850, 1500, 2850, 5, 11, 950, 850, 890]
Simplified p_score: 0.7202801030609057
Simplified c_score: 0.2098767138434321
Reference: vegas
Initial trace: [51500, 35000, 5, 35, 550, 350, 46500, 4000, 100, 95, 550, 350, 4700]
Initial p_score: 0.4111210646566311
Initial c_score: 0.2950022114108801
Simplified trace: [51500, 5, 550, 46500, 100, 550, 4700]
Simplified p_score: 0.53989173638693
Simplified c_score: 0.0
Reference: vegas
Initial trace: [48500, 51500, 25, 90, 1000, 900, 1000, 4500, 25, 20, 1000, 900, 2660]
Initial p_score: 0.844956420836485
Initial c_score: 0.2307607253427687
Simplified trace: [48500, 48500, 25, 59, 1000, 900, 1000, 3850, 25, 20, 1000, 900, 2660]
Simplified p_score: 0.7790668057895604
Simplified c_score: 0.1823031844316674
Reference: vegas
Initial trace: [32500, 47500, 35500, 20, 25, 85, 300, 750, 600, 11500, 3500, 8500, 20, 25, 35, 300, 750, 600, 2790]
Initial p_score: 0.6174947473677659
Initial c_score: 0.3446483856700575
Simplified trace: [32500, 35750, 35500, 20, 20, 85, 300, 750, 600, 11500, 4600, 5750, 20, 20, 23, 300, 750, 600, 2790]
Simplified p_score: 0.6490280674828404
Simplified c_score: 0.3068691950464396
Reference: vegas
Initial trace: [38000, 23500, 60000, 95, 45, 75, 200, 750, 700, 35000, 11000, 3000, 35, 70, 90, 200, 750, 700, 800]
Initial p_score: 0.5384948231927984
Initial c_score: 0.42600066342326404
Simplified trace: [38000, 38000, 57000, 95, 45, 75, 200, 750, 700, 35000, 11000, 3000, 35, 65, 90, 200, 750, 700, 800]
Simplified p_score: 0.5067595542796532
Simplified c_score: 0.3923872180451128
Reference: vegas
Initial trace: [60000, 12500, 28500, 10, 10, 40, 400, 400, 200, 27000, 18500, 2500, 100, 100, 55, 400, 400, 200, 1640]
Initial p_score: 0.2832337591135921
Initial c_score: 0.3917790800530738
Simplified trace: [60000, 10, 400, 27000, 100, 400, 1640]
Simplified p_score: 0.568574268943645
Simplified c_score: 0.0
Reference: vegas
Initial trace: [40000, 60000, 2000, 4000, 5, 5, 95, 35, 550, 250, 450, 300, 500, 22500, 10000, 58500, 100, 15, 50, 50, 550, 250, 450, 300, 2200]
Initial p_score: 0.32803095210560523
Initial c_score: 0.6075667108948843
Simplified trace: [40000, 5, 550, 500, 100, 550, 2200]
Simplified p_score: 0.5559783914758707
Simplified c_score: 0.0
Reference: vegas
Initial trace: [57500, 26500, 55500, 43500, 55, 40, 15, 100, 400, 400, 250, 500, 8000, 3500, 14500, 41500, 20, 55, 10, 80, 400, 400, 250, 500, 3730]
Initial p_score: 0.2501628114221397
Initial c_score: 0.575796107916851
Simplified trace: [57500, 57500, 57500, 55, 55, 52, 400, 400, 250, 8000, 20, 400, 3730]
Simplified p_score: 0.3291401433035837
Simplified c_score: 0.12697368421052632
Reference: vegas
Initial trace: [20000, 35000, 53000, 57500, 90, 10, 5, 5, 150, 250, 350, 300, 54500, 49500, 3500, 2500, 20, 40, 30, 65, 150, 250, 350, 300, 180]
Initial p_score: 0.5436690828348734
Initial c_score: 0.5034645437122217
Simplified trace: [20000, 20000, 37000, 51800, 90, 10, 5, 5, 150, 250, 350, 300, 54500, 49500, 7425, 2500, 20, 31, 30, 38, 150, 250, 350, 300, 180]
Simplified p_score: 0.5119450661107434
Simplified c_score: 0.4797361049683031
Reference: vegas
Initial trace: [32500, 47500, 35500, 13500, 46500, 70, 15, 40, 85, 50, 350, 250, 250, 400, 100, 24000, 11500, 5500, 45500, 28500, 95, 95, 25, 95, 75, 350, 250, 250, 400, 100, 4550]
Initial p_score: 0.414067495588741
Initial c_score: 0.687983746130031
Simplified trace: [32500, 70, 350, 24000, 95, 350, 4550]
Simplified p_score: 0.5885954149176622
Simplified c_score: 0.0
Reference: vegas
Initial trace: [38000, 16000, 37000, 28500, 59000, 50, 45, 25, 70, 60, 250, 400, 300, 450, 300, 41500, 12000, 4500, 7500, 5500, 45, 50, 100, 60, 5, 250, 400, 300, 450, 300, 4690]
Initial p_score: 0.46495316601240294
Initial c_score: 0.6407839451570101
Simplified trace: [38000, 38000, 37000, 37000, 37000, 50, 48, 46, 65, 65, 250, 400, 300, 450, 300, 41500, 37350, 4800, 4800, 45, 47, 47, 47, 250, 400, 300, 450, 4690]
Simplified p_score: 0.44466067351544303
Simplified c_score: 0.47216847265221873
Reference: vegas
Initial trace: [53500, 33500, 55000, 50500, 17500, 15, 100, 100, 40, 65, 400, 200, 150, 450, 400, 1000, 21000, 23500, 4000, 2500, 75, 5, 10, 65, 90, 400, 200, 150, 450, 400, 1660]
Initial p_score: 0.6181831203162006
Initial c_score: 0.6712461300309598
Simplified trace: [53500, 53500, 53500, 50500, 50500, 15, 15, 15, 34, 34, 400, 200, 150, 450, 400, 1000, 75, 400, 1660]
Simplified p_score: 0.561008180185634
Simplified c_score: 0.2578256302521008
Reference: wvegas
Initial trace: [42500, 500, 5, 5, 950, 800, 1500, 1500, 5, 60, 950, 800, 2160]
Initial p_score: 0.6208621690429543
Initial c_score: 0.28560371517027866
Simplified trace: [42500, 2125, 5, 5, 950, 800, 1500, 5, 950, 2160]
Simplified p_score: 0.5785456672784438
Simplified c_score: 0.14732142857142858
Reference: wvegas
Initial trace: [45500, 2500, 15, 20, 1150, 550, 500, 30000, 50, 45, 1150, 550, 4820]
Initial p_score: 0.5080316285951051
Initial c_score: 0.29046881910659
Simplified trace: [45500, 4550, 15, 15, 1150, 550, 500, 750, 50, 45, 1150, 550, 4820]
Simplified p_score: 0.5176304361420531
Simplified c_score: 0.21813356921716054
Reference: wvegas
Initial trace: [48500, 4000, 5, 85, 1000, 900, 1500, 4500, 40, 15, 1000, 900, 2660]
Initial p_score: 0.7824090169979608
Initial c_score: 0.3629478107032287
Simplified trace: [48500, 31525, 5, 82, 1000, 900, 1500, 4500, 40, 15, 1000, 900, 2660]
Simplified p_score: 0.7233589577670846
Simplified c_score: 0.3011748120300752
Reference: wvegas
Initial trace: [33000, 53000, 35500, 35, 10, 55, 300, 750, 250, 23000, 3500, 3000, 20, 25, 35, 300, 750, 250, 4510]
Initial p_score: 0.45438625733944493
Initial c_score: 0.36632021229544454
Simplified trace: [33000, 44550, 35500, 35, 12, 37, 300, 750, 250, 23000, 3500, 3000, 20, 25, 35, 300, 750, 250, 4510]
Simplified p_score: 0.4377383509723688
Simplified c_score: 0.33409442724458205
Reference: wvegas
Initial trace: [38000, 37500, 55500, 10, 5, 5, 750, 850, 400, 1000, 19000, 11500, 30, 25, 85, 750, 850, 400, 310]
Initial p_score: 0.32152930547019387
Initial c_score: 0.3422711189739054
Simplified trace: [38000, 10, 750, 1000, 30, 750, 310]
Simplified p_score: 0.38875175026541525
Simplified c_score: 0.0
Reference: wvegas
Initial trace: [53500, 1000, 27500, 5, 25, 45, 800, 700, 400, 1500, 9000, 56000, 15, 15, 90, 800, 700, 400, 3410]
Initial p_score: 0.4033593683498995
Initial c_score: 0.4658889871738169
Simplified trace: [53500, 5350, 5, 5, 800, 700, 1500, 15, 800, 3410]
Simplified p_score: 0.43358425837504133
Simplified c_score: 0.16365546218487395
Reference: wvegas
Initial trace: [40000, 60000, 2000, 4000, 5, 5, 85, 40, 650, 250, 400, 150, 17000, 12500, 17500, 9000, 100, 95, 70, 45, 650, 250, 400, 150, 4330]
Initial p_score: 0.15401207310145051
Initial c_score: 0.5225748194014448
Simplified trace: [40000, 5, 650, 17000, 100, 650, 4330]
Simplified p_score: 0.47340732680204756
Simplified c_score: 0.0
Reference: wvegas
Initial trace: [43000, 35500, 9000, 17500, 5, 90, 60, 5, 350, 150, 300, 500, 22500, 12500, 23000, 23000, 75, 80, 60, 95, 350, 150, 300, 500, 4130]
Initial p_score: 0.007540282855331502
Initial c_score: 0.5199948400412797
Simplified trace: [43000, 5, 350, 22500, 75, 350, 4130]
Simplified p_score: 0.49762806826260275
Simplified c_score: 0.0
Reference: wvegas
Initial trace: [20000, 35000, 53000, 57500, 90, 10, 5, 5, 150, 300, 350, 300, 21500, 45500, 13500, 2500, 20, 40, 30, 65, 150, 300, 350, 300, 180]
Initial p_score: 0.12053312413153305
Initial c_score: 0.5139687453928939
Simplified trace: [20000, 20000, 32000, 46400, 90, 40, 26, 23, 150, 300, 350, 300, 21500, 23650, 18920, 4730, 20, 26, 30, 64, 150, 300, 350, 300, 180]
Simplified p_score: 0.1733309485445981
Simplified c_score: 0.4569265074450833
Reference: wvegas
Initial trace: [5000, 44000, 36500, 56000, 44000, 40, 10, 5, 70, 80, 200, 350, 400, 400, 300, 42000, 500, 60000, 8000, 19500, 95, 90, 35, 45, 85, 200, 350, 400, 400, 300, 2730]
Initial p_score: -0.1135965871574553
Initial c_score: 0.6997318664307828
Simplified trace: [5000, 44000, 36500, 56000, 44000, 40, 10, 5, 70, 80, 200, 350, 400, 400, 300, 42000, 500, 60000, 8000, 19500, 95, 90, 35, 45, 85, 200, 350, 400, 400, 300, 2730]
Simplified p_score: None
Simplified c_score: 0.6997318664307828
Reference: wvegas
Initial trace: [22000, 34500, 4500, 11000, 45500, 45, 15, 65, 75, 5, 500, 350, 150, 100, 450, 18500, 24000, 53000, 49000, 21500, 100, 100, 30, 25, 85, 500, 350, 150, 100, 450, 1310]
Initial p_score: -0.23993964833210393
Initial c_score: 0.6755583812472358
Simplified trace: [22000, 34500, 4500, 11000, 45500, 45, 15, 65, 75, 5, 500, 350, 150, 100, 450, 18500, 24000, 53000, 49000, 21500, 100, 100, 30, 25, 85, 500, 350, 150, 100, 450, 1310]
Simplified p_score: None
Simplified c_score: 0.6755583812472358
Reference: wvegas
Initial trace: [43000, 25500, 17000, 31000, 16500, 10, 5, 5, 15, 15, 500, 250, 100, 150, 150, 9500, 8000, 11500, 15000, 34500, 95, 90, 85, 100, 75, 500, 250, 100, 150, 150, 1940]
Initial p_score: -0.05494296239940025
Initial c_score: 0.5647114108801414
Simplified trace: [43000, 25500, 17000, 31000, 16500, 10, 5, 5, 15, 15, 500, 250, 100, 150, 150, 9500, 8000, 11500, 15000, 34500, 95, 90, 85, 100, 75, 500, 250, 100, 150, 150, 1940]
Simplified p_score: None
Simplified c_score: 0.5647114108801414
Reference: balia
Initial trace: [54500, 53000, 20, 100, 1000, 1250, 1500, 13500, 15, 35, 1000, 1250, 1940]
Initial p_score: 0.8067196238771231
Initial c_score: 0.28494029190623615
Simplified trace: [54500, 54500, 20, 69, 1000, 1250, 1500, 3975, 15, 33, 1000, 1250, 1940]
Simplified p_score: 0.727985973346393
Simplified c_score: 0.21835747456877488
Reference: balia
Initial trace: [32000, 42000, 5, 55, 500, 1200, 15500, 4000, 45, 45, 500, 1200, 430]
Initial p_score: 0.6094618735213619
Initial c_score: 0.23595754091110127
Simplified trace: [32000, 33600, 5, 50, 500, 1200, 15500, 4000, 45, 45, 500, 1200, 430]
Simplified p_score: 0.5495131916058441
Simplified c_score: 0.21173153471915082
Reference: balia
Initial trace: [45500, 55500, 10, 85, 1000, 900, 1000, 4500, 40, 20, 1000, 900, 1350]
Initial p_score: 0.7780367543943978
Initial c_score: 0.27836134453781514
Simplified trace: [45500, 45500, 10, 52, 1000, 900, 1000, 4350, 40, 28, 1000, 900, 1350]
Simplified p_score: 0.7229577284231254
Simplified c_score: 0.2030904467049978
Reference: balia
Initial trace: [32500, 53000, 53500, 5, 90, 50, 250, 750, 600, 35000, 3500, 8500, 20, 25, 85, 250, 750, 600, 2790]
Initial p_score: 0.7171909956449998
Initial c_score: 0.43539915966386555
Simplified trace: [32500, 32500, 53500, 5, 15, 50, 250, 750, 600, 35000, 3500, 3500, 20, 20, 20, 250, 750, 600, 2790]
Simplified p_score: 0.6467799680949277
Simplified c_score: 0.33475232198142413
Reference: balia
Initial trace: [55000, 12500, 60000, 95, 5, 90, 200, 650, 700, 6000, 11000, 3000, 35, 100, 15, 200, 650, 700, 2790]
Initial p_score: 0.6895244359051477
Initial c_score: 0.5720090667846086
Simplified trace: [55000, 95, 200, 6000, 35, 200, 2790]
Simplified p_score: 0.6380486446486182
Simplified c_score: 0.0
Reference: balia
Initial trace: [54000, 55500, 58500, 5, 95, 5, 150, 500, 250, 9000, 9000, 2500, 65, 40, 5, 150, 500, 250, 2280]
Initial p_score: 0.8451634637758926
Initial c_score: 0.41944935869084476
Simplified trace: [54000, 54000, 58500, 5, 54, 51, 150, 500, 250, 9000, 9000, 4500, 65, 40, 5, 150, 500, 250, 2280]
Simplified p_score: 0.7644475571179804
Simplified c_score: 0.3331379920389208
Reference: balia
Initial trace: [55000, 5000, 12500, 52000, 70, 5, 30, 90, 400, 250, 350, 650, 24500, 53500, 12500, 9000, 55, 85, 100, 95, 400, 250, 350, 650, 2190]
Initial p_score: 0.5612012651094053
Initial c_score: 0.5821170573492555
Simplified trace: [55000, 52250, 12500, 51875, 70, 5, 27, 90, 400, 250, 350, 650, 24500, 55, 400, 2190]
Simplified p_score: 0.505204452205099
Simplified c_score: 0.31062490785788
Reference: balia
Initial trace: [58500, 25500, 42000, 19000, 90, 35, 85, 85, 500, 350, 450, 150, 11500, 3500, 1000, 38500, 20, 55, 55, 30, 500, 350, 450, 150, 2560]
Initial p_score: 0.5378702995120646
Initial c_score: 0.5317521745540321
Simplified trace: [58500, 46800, 42000, 90, 35, 85, 500, 350, 450, 11500, 20, 500, 2560]
Simplified p_score: 0.485352920482383
Simplified c_score: 0.2114108801415303
Reference: balia
Initial trace: [54000, 55500, 58500, 36000, 55, 10, 50, 35, 150, 200, 150, 150, 11000, 11500, 9500, 18000, 90, 75, 65, 30, 150, 200, 150, 150, 1780]
Initial p_score: 0.5982872826911376
Initial c_score: 0.4717860828541943
Simplified trace: [54000, 55, 150, 11000, 90, 150, 1780]
Simplified p_score: 0.7032765394550792
Simplified c_score: 0.0
Reference: balia
Initial trace: [57500, 32000, 57000, 12000, 26500, 5, 30, 45, 75, 55, 500, 500, 100, 100, 250, 3000, 500, 7500, 38500, 32500, 85, 45, 90, 90, 5, 500, 500, 100, 100, 250, 3620]
Initial p_score: 0.7292453602435414
Initial c_score: 0.6677216939407342
Simplified trace: [57500, 57500, 57000, 57000, 5, 5, 5, 34, 500, 500, 100, 100, 3000, 600, 870, 870, 7917, 85, 72, 72, 72, 7, 500, 500, 100, 100, 250, 3620]
Simplified p_score: 0.6632457526717788
Simplified c_score: 0.4813307994250332
Reference: balia
Initial trace: [51500, 2500, 37000, 43500, 59000, 5, 60, 100, 80, 80, 150, 100, 100, 100, 450, 27500, 31500, 38500, 40000, 41000, 90, 55, 35, 75, 70, 150, 100, 100, 100, 450, 2260]
Initial p_score: 0.7144122262232713
Initial c_score: 0.6332236842105263
Simplified trace: [51500, 5, 150, 27500, 90, 150, 2260]
Simplified p_score: 0.7566532442468212
Simplified c_score: 0.0
Reference: balia
Initial trace: [53500, 33500, 39500, 50500, 58000, 100, 65, 65, 40, 65, 150, 300, 150, 450, 500, 14000, 21000, 23500, 4000, 2500, 95, 90, 85, 70, 35, 150, 300, 150, 450, 500, 1660]
Initial p_score: 0.5659525539184858
Initial c_score: 0.5870881247235736
Simplified trace: [53500, 53500, 53500, 53500, 53500, 100, 100, 100, 50, 60, 150, 300, 150, 450, 500, 14000, 15400, 16940, 6776, 2500, 95, 95, 85, 70, 38, 150, 300, 150, 450, 500, 1660]
Simplified p_score: 0.5137203883230458
Simplified c_score: 0.5476149933657674
Reference: olia
Initial trace: [54500, 53000, 20, 100, 800, 1250, 1500, 4000, 15, 5, 800, 1250, 890]
Initial p_score: 0.8744448453211341
Initial c_score: 0.25182441397611677
Simplified trace: [54500, 54500, 20, 74, 800, 1250, 1500, 3975, 15, 8, 800, 1250, 890]
Simplified p_score: 0.8063373792347297
Simplified c_score: 0.21046273772666962
Reference: olia
Initial trace: [32000, 54000, 5, 55, 250, 550, 39000, 4000, 55, 80, 250, 550, 430]
Initial p_score: 0.6832965810249295
Initial c_score: 0.34343210968597965
Simplified trace: [32000, 5, 250, 39000, 55, 250, 430]
Simplified p_score: 0.6959954084720389
Simplified c_score: 0.0
Reference: olia
Initial trace: [58500, 55500, 10, 85, 1000, 900, 1000, 4500, 40, 20, 1000, 900, 790]
Initial p_score: 0.8786558862175056
Initial c_score: 0.26365546218487396
Simplified trace: [58500, 58500, 10, 59, 1000, 900, 1000, 4000, 40, 20, 1000, 900, 790]
Simplified p_score: 0.8052433425675153
Simplified c_score: 0.2220919946926139
Reference: olia
Initial trace: [32500, 47500, 53500, 80, 20, 40, 300, 750, 350, 11500, 3500, 17000, 20, 25, 35, 300, 750, 350, 2790]
Initial p_score: 0.6126463703760245
Initial c_score: 0.35714285714285715
Simplified trace: [32500, 32500, 52000, 80, 20, 40, 300, 750, 350, 11500, 3500, 3500, 20, 20, 20, 300, 750, 350, 2790]
Simplified p_score: 0.5780765614045157
Simplified c_score: 0.3315181335692171
Reference: olia
Initial trace: [55000, 23500, 60000, 95, 20, 90, 200, 650, 750, 54000, 11000, 3000, 30, 100, 15, 200, 650, 750, 2790]
Initial p_score: 0.5652767984215541
Initial c_score: 0.5723684210526316
Simplified trace: [55000, 46750, 56100, 95, 20, 73, 200, 650, 750, 54000, 11000, 30, 40, 200, 650, 2790]
Simplified p_score: 0.533850745156099
Simplified c_score: 0.3936919504643963
Reference: olia
Initial trace: [54000, 55500, 58500, 5, 55, 90, 150, 500, 200, 1500, 1500, 36500, 40, 65, 5, 150, 500, 200, 4380]
Initial p_score: 0.7850442932571094
Initial c_score: 0.4033337019018134
Simplified trace: [54000, 5, 150, 1500, 40, 150, 4380]
Simplified p_score: 0.7572014646268671
Simplified c_score: 0.0
Reference: olia
Initial trace: [55000, 5000, 57500, 50500, 70, 5, 30, 90, 400, 250, 350, 650, 24500, 34500, 3000, 9000, 55, 65, 40, 90, 400, 250, 350, 650, 1330]
Initial p_score: 0.6837642741482723
Initial c_score: 0.588014153029633
Simplified trace: [55000, 55000, 55000, 55000, 70, 66, 30, 90, 400, 250, 350, 650, 24500, 24500, 3675, 3675, 55, 55, 55, 55, 400, 250, 350, 650, 1330]
Simplified p_score: 0.6240086574267926
Simplified c_score: 0.4334429824561403
Reference: olia
Initial trace: [52500, 29500, 55000, 17500, 5, 90, 60, 95, 150, 600, 600, 250, 57000, 3500, 2500, 13500, 100, 55, 25, 35, 150, 600, 600, 250, 3990]
Initial p_score: 0.7121563598006727
Initial c_score: 0.5841626124133864
Simplified trace: [52500, 52500, 52500, 52500, 5, 44, 57, 95, 150, 600, 600, 250, 57000, 3500, 2500, 100, 95, 95, 150, 600, 600, 3990]
Simplified p_score: 0.6776946804831186
Simplified c_score: 0.4125110570544007
Reference: olia
Initial trace: [54000, 33500, 39500, 50500, 45, 15, 50, 100, 350, 200, 150, 550, 21500, 45500, 13500, 2500, 40, 90, 20, 65, 350, 200, 150, 550, 1780]
Initial p_score: 0.5442600148102679
Initial c_score: 0.5709862892525431
Simplified trace: [54000, 54000, 54000, 54000, 45, 27, 27, 38, 350, 200, 150, 550, 21500, 21500, 21500, 3225, 40, 54, 20, 54, 350, 200, 150, 550, 1780]
Simplified p_score: 0.48996676714344833
Simplified c_score: 0.4364818295739349
Reference: olia
Initial trace: [3000, 25500, 23000, 46000, 50000, 40, 10, 35, 70, 80, 100, 300, 450, 150, 200, 16500, 7000, 2000, 45500, 49500, 90, 75, 85, 45, 90, 100, 300, 450, 150, 200, 2560]
Initial p_score: 0.4110268198123009
Initial c_score: 0.628952896948253
Simplified trace: [3000, 40, 100, 16500, 90, 100, 2560]
Simplified p_score: 0.7909573573573574
Simplified c_score: 0.0
Reference: olia
Initial trace: [25000, 44500, 55000, 59500, 36500, 5, 60, 100, 30, 80, 300, 400, 450, 200, 300, 12000, 4500, 500, 49000, 5500, 45, 75, 25, 90, 90, 300, 400, 450, 200, 300, 3040]
Initial p_score: 0.6174533393793713
Initial c_score: 0.7029798761609907
Simplified trace: [25000, 31250, 31250, 34375, 36500, 5, 12, 92, 83, 80, 300, 400, 450, 200, 300, 12000, 4500, 500, 500, 45, 45, 45, 45, 300, 400, 450, 200, 3040]
Simplified p_score: 0.6071011054156116
Simplified c_score: 0.4841589267285862
Reference: olia
Initial trace: [48000, 1500, 58500, 50000, 52500, 55, 5, 5, 85, 95, 300, 300, 400, 300, 400, 6500, 11000, 6000, 11000, 2000, 15, 50, 25, 75, 10, 300, 300, 400, 300, 400, 3850]
Initial p_score: 0.6782143961603387
Initial c_score: 0.6760974126492703
Simplified trace: [48000, 43200, 58500, 58500, 58500, 55, 50, 12, 48, 95, 300, 300, 400, 300, 400, 6500, 15, 300, 3850]
Simplified p_score: 0.6125245242332678
Simplified c_score: 0.30200409111012827
