cubic 1 timesteps 0.4624383561643835 [20 30 10 30] 1804.1732615260407
cubic 2 timesteps 0.28601134467801126 [20  5 30 30 15 18 85] 1809.4618800978642
cubic 3 timesteps 0.23595017438963625 [ 1 19 12 26 30 18 20 19 16 52] 1802.4941110189538
cubic 4 timesteps 0.15330989824236807 [17 12  1  3 29 11 16  7 11 14 13 10 39] 1809.3846130089369
cubic 5 timesteps 0.07363631005010327 [ 1 19 17 11 12  7 25 11 17  4 10 10 15 33 15 15] 1812.0123791580554
reno 1 timesteps 0.4126185567010309 [20 30 10 40] 1805.410573984962
reno 2 timesteps 0.2453333333333334 [16  1 30 24 13 36 88] 1804.3377725351602
reno 3 timesteps 0.15173559322033894 [18  1  6 29 30 18 12 28 20 12] 1808.753954262007
reno 4 timesteps 0.1401645390070923 [17 12  1  1 22  8 16  7 11 14 13 10 39] 1803.6240409649909
reno 5 timesteps 0.06530117160578915 [20 12 17 19  8 27 14 15 17  4 10 10 15 33 14  2] 1819.8967227870598
bbr 1 timesteps 0.42803378042722307 [20 30 10 50] 1803.9163739162032
bbr 2 timesteps 0.7911270718232044 [ 1 17  1 29 32 18 23] 1805.259021069156
bbr 3 timesteps 0.6719966159052453 [ 1 19 20  3 27 29 27 21 16 52] 1804.1693177281413
bbr 4 timesteps 0.44209572943536835 [18 11 18 18  2 28 21 13 21 32 32 17 49] 1812.7181472429074
bbr 5 timesteps 0.40740395084772124 [ 5 12  7 19 18  1 15  4 14 23 10 20 30 11 16 63] 1803.808364708908
vegas 1 timesteps 0.4563972602739726 [20 30 10 38] 1802.918293044204
vegas 2 timesteps 0.8471197218082465 [ 1 19  1 28 29 31 95] 1801.355509980116
vegas 3 timesteps 0.7420565333333333 [ 2 13  1  1 26 18 20 39 27 86] 1810.869415326044
vegas 4 timesteps 0.7436485021398003 [ 8 16 13 18 12 29 30 24 27 20 35 35 49] 1815.670539180981
vegas 5 timesteps 0.7125606443082101 [ 6  9 20 12  8  9 13 22 25 28 26 10 23 33 24 35] 1811.4505706219934
westwood 1 timesteps 0.40106098283007696 [20 29 10 69] 1804.4618477921467
westwood 2 timesteps 0.2819575911789652 [20  3 30 18 12 15 85] 1803.9206260358915
westwood 3 timesteps 0.16058136924803598 [18  2 10 29 22  8 12 28 16 12] 1804.1967264099512
westwood 4 timesteps 0.12405571752510518 [17 12  1  1 22 11 16  7 11 14 30 39 39] 1803.1988785939757
westwood 5 timesteps 0.06759451273828615 [15  8  1  1 12 25 24 18  5  1 20 26 30 25 17 11] 1812.3176022449043
vegas 2 timesteps 0.08260410557184744 [10 13 30 24 26 15 34] 18.78220851602964
vegas 2 timesteps 0.88409534286762 [ 1 20  1 26 10 37 76] 3606.6094738580287
bbr 2 timesteps 0.818186274509804 [ 1 19 29 28 38 18 95] 3608.43199379812
vegas 2 timesteps 0.8939429464634623 [ 1 19  1 30 10 36 23] 3609.780502960086
