cubic 1 timesteps 0.4280347826086956 [20 29 10 44] 3602.1100841020234
cubic 2 timesteps 0.3305062330623307 [20  1 26 21 10 11 85] 3603.2126051430823
cubic 3 timesteps 0.2756861356932154 [ 1 19  1 12 30 29 20 23 19 77] 3602.2147902420256
cubic 4 timesteps 0.9978666666666667 [18 19  4  4 28  7 25 11 13 36 12 37 76] 3605.16779709002
cubic 5 timesteps 0.14005019607843136 [17 12  1  1  1 21 19 17 18  4 10 10 27 11 15 94] 3602.0162806600565
reno 1 timesteps 0.4619655377302435 [20 30 10 55] 3600.8858720709104
reno 2 timesteps 0.3160948813982522 [16  2 30 19 10 17 29] 3603.0389944460476
reno 3 timesteps 0.186228855721393 [20  2  6 29 22  1 12 25 20 42] 3608.2727903660852
reno 4 timesteps 0.257390958768008 [17  2  1  1 29 30 14 10 11 10 24 10 39] 3603.9171216780087
reno 5 timesteps 0.11630858085808585 [18  6 19  1  1 30 24 18  5  4 10 10 15 33 38 79] 3606.369234911981
bbr 1 timesteps 0.440603550295858 [20 30 10 67] 3604.3592358159367
bbr 2 timesteps 0.8316681887366818 [ 1 19 22 29 34 20 95] 3602.3194491020404
bbr 3 timesteps 0.8175780476833109 [ 1 19 17  1 27 28 30 21 16 39] 3615.0907163280062
bbr 4 timesteps 0.601301827347196 [ 5  2 19 13  2  8 21 13 21 32 32 17 58] 3612.5406964400318
bbr 5 timesteps 0.5806989838414126 [ 1 19 13 18  4 11 17 28 30 11 40 10 35 11 15 15] 3610.448527881992
bic 1 timesteps 0.4627214611872146 [20 30 10 36] 3600.8120009619743
bic 2 timesteps 0.3635020648967552 [18  1 30  4 10 11 14] 3606.849711216055
bic 3 timesteps 0.23907995618838998 [20  1  6 29  9 28 11 25 17 42] 3608.156527790008
bic 4 timesteps 0.2843122807017544 [20  1  1  1 29 11 14 27 11 29 10 36 80] 3606.5068540890934
bic 5 timesteps 0.17454652880354513 [17  2  1  1  1 21  1 17 17  4 10 10 15 33 20 94] 3613.082313728053
cdg 1 timesteps 0.7901841589700531 [20 29 25  8] 3605.571256884956
cdg 2 timesteps 0.8708 [ 1 19 22 28 19 36 95] 3601.957329498022
cdg 3 timesteps 0.8498560133166875 [ 1 19 17 10 27 28 27 21 19 77] 3608.0805864429567
cdg 4 timesteps 0.8259085841694538 [ 4  2 19 20 28  3 28 27 10 21 17 36 24] 3618.1070869000396
cdg 5 timesteps 0.6950807354116706 [ 1  6 19  1 10 30 13 22 25 23 17 19 25 11 15 15] 3602.703170631081
dctcp 1 timesteps 0.45119178082191774 [20 30 10 45] 3607.8292060049716
dctcp 2 timesteps 0.35859606656580945 [20  3 30  5 10 14 85] 3606.0167990759946
dctcp 3 timesteps 0.19783819849874892 [20  1  6 29 15 28 15 10 17 42] 3605.1301884199493
dctcp 4 timesteps 0.2502609497464269 [17  1  4  3 29 11 16  7 11 14 10 10 39] 3606.9458582510706
dctcp 5 timesteps 0.13786341823551118 [17  1  1  1  1 21 19 17 18 30 12 37 27 33 20 58] 3611.1652471439447
highspeed 1 timesteps 0.4528727691421992 [20 30 10  5] 3604.8147141140653
highspeed 2 timesteps 0.31501320655044907 [20  3 26  4 10 11 33] 3607.6117888409644
highspeed 3 timesteps 0.2793584742089294 [20  1  6 29 28  1 10 10 16 42] 3608.7922410919564
highspeed 4 timesteps 0.23485631349782293 [17  3  1  1 28  5 16  7 11 14 13 10 39] 3608.1558391919825
highspeed 5 timesteps 0.14954878048780493 [14  6  1  1  1 21  1 15 17  4 10 10 15 31 13 95] 3606.1424206190277
htcp 1 timesteps 0.46488729874776386 [20 30 10 92] 3602.767208259902
htcp 2 timesteps 0.2954380165289256 [16  1 26 19 10 15 69] 3601.624457995058
htcp 3 timesteps 0.26860757386600076 [19  1  6 29 28  4 10 15 17 73] 3604.525021038018
htcp 4 timesteps 0.25034146341463415 [17  1  1  1 29 11  6  7 11 14 13 10 39] 3610.169575262
htcp 5 timesteps 0.15576752136752137 [18  1  1  1  1 21 19 17 18 30 12 37 27 12 18 38] 3616.033706729999
hybla 1 timesteps 0.39021315192743766 [20 30 10 88] 3603.1478318839995
hybla 2 timesteps 0.35842467378410436 [18  1 23 18 10 21 71] 3603.752773311
hybla 3 timesteps 0.20453237410071948 [20  2  6 29  9 15 12 10 17 42] 3607.6308642639997
hybla 4 timesteps 0.24125034578146617 [17  1  4  1 22  3  2  7 11 14 12 10 39] 3611.7180610670002
hybla 5 timesteps 0.2688462332301341 [17  2  1  1  1 21 14 10 13  4 10 10 15 12 39 58] 3618.914709646
illinois 1 timesteps 0.4164543889845095 [20 30 10 29] 3604.3190467390014
illinois 2 timesteps 0.2876004645760743 [16  1 29 26 12 11 88] 3601.548100046999
illinois 3 timesteps 0.24126585695006744 [20  1  6 29  9 28 12 28 21 42] 3600.3159705100006
illinois 4 timesteps 0.20124553343542625 [14  1  4  3 29  5 16  5 11 14 13 10 31] 3608.8859901860014
illinois 5 timesteps 0.15067207938655838 [14  1  6  1  1 25  5 15 17  4 10 10 15 33 13 12] 3606.3728130289965
lp 1 timesteps 0.42237819420783645 [20 30 10 42] 3580.3780205479998
lp 2 timesteps 0.4094194871794872 [20  1 30 29 10 18 85] 3605.3936119659993
lp 3 timesteps 0.20338091042584433 [20  1  6 29 22  8 12 28 16 42] 3610.1344372239982
lp 4 timesteps 0.16481521739130436 [17  1  4  3 22  5 16 27 11 10 15 10 39] 3610.6648127559965
lp 5 timesteps 0.16841188118811873 [18  1  6  2  4 27 20 17 13  4 10 10 15 33 20 38] 3612.5615180479945
nv 1 timesteps 0.4612562358276644 [20 30 10 85] 3595.3082824749945
nv 2 timesteps 0.4652503543357815 [14 19  1 29 32 40 32] 3603.0758834870066
nv 3 timesteps 0.5553555492262414 [16 17 20  1 27 29 19 34 37  5] 3615.6442278179966
nv 4 timesteps 0.5014120956399438 [18 11 18 18  2 29 30 24 27 20 23 35 49] 3606.9337032159965
nv 5 timesteps 0.4692526407751568 [16 14 20 14 10  3 13 22 25 28 12 17 40 27 36 11] 3610.082060521003
scalable 1 timesteps 0.4054222222222222 [20 30 11 91] 3604.2366347360075
scalable 2 timesteps 0.3378238095238095 [17  1 30 19 10 17 77] 3605.553520536996
scalable 3 timesteps 0.1936240913811008 [20  2  6 29  2 24 16 25 17 42] 3609.349769156004
scalable 4 timesteps 0.24949494949494952 [18  2  1  1 29 11 14 10 11 14 13 37 76] 3605.457654589991
scalable 5 timesteps 0.16560195360195362 [14  1  1  1  1 21 10 15 17  4 10 10 15 33 13 12] 3623.184903693007
vegas 1 timesteps 0.4583236134934249 [20 30 10 55] 3600.409589124989
vegas 2 timesteps 0.8872647578649699 [ 2 20  2 30 10 40 31] 3603.4078952900018
vegas 3 timesteps 0.848167946748592 [ 1 16 20  5 27 29 20 14 15 82] 3612.7466427390027
vegas 4 timesteps 0.8188827716319356 [ 3 18 19 18  2 28 21 13 21 32 38 26 53] 3603.6567721330066
vegas 5 timesteps 0.8043771929824561 [10 17 19 19 18  1 12 22 25 28 16 29 26 23 32 38] 3617.5945137740055
veno 1 timesteps 0.4610466439135381 [20 30 10  8] 3604.132731810998
veno 2 timesteps 0.30454943132108486 [20  1 29 11 12 21 62] 3602.782221624002
veno 3 timesteps 0.19373951434878592 [20  1  6 29 22  8 12 28 16 42] 3612.039062568001
veno 4 timesteps 0.21192380952380957 [17  1  1  1 22  5 21 10 11 14 13 10 39] 3603.949592133009
veno 5 timesteps 0.15506331045003804 [17  1  1  1  1 25 20 17 13  9 17 21 15 26 14 58] 3610.5898614440084
westwood 1 timesteps 0.4567684391080618 [20 30 10 22] 3607.293700344002
westwood 2 timesteps 0.3133378531073446 [19  1 28 21 10 11 86] 3605.291807356989
westwood 3 timesteps 0.1652843537414966 [20  1  6 29  9  4 18 10 11 42] 3600.869483249
westwood 4 timesteps 0.2156307692307692 [12  1  1  1 28  3 14  7 11 14 13 10 26] 3605.095044076006
westwood 5 timesteps 0.19748738379814082 [20 12 17  1 10 30 19 15 27  4 10 10 15 33 14  2] 3605.7849883669987
yeah 1 timesteps 0.44524852767962303 [20 29 10 45] 3565.2460027960187
yeah 2 timesteps 0.3280353786622443 [20  1 26 18 10 13 62] 3600.7278722079936
yeah 3 timesteps 0.19051437962202142 [20  2 11 29 15  1 12 11 20 82] 3609.779238741001
yeah 4 timesteps 0.199482993197279 [12  1  1  1 28  5 16  7 11 14 10 33 26] 3605.1759244290006
yeah 5 timesteps 0.1482695612844865 [17  6  1  1  1 21  5  6  4  8 12 10 15 12 11 94] 3616.182388445013
