[534, 7912, 28, 29, 1857, 629, 4279]
[530, 7308, 25, 24, 1558, 1834, 6319]
[701, 4969, 4, 24, 1104, 1298, 7190]
[655, 9494, 25, 17, 1787, 1412, 4463]
[684, 9818, 8, 26, 1179, 1150, 601]
[505, 3458, 21, 25, 1084, 1280, 3648]
[748, 6707, 24, 17, 1615, 954, 7274]
[740, 7311, 18, 20, 1428, 972, 3684]
[694, 7015, 10, 17, 1501, 1639, 1738]
[547, 8405, 24, 30, 1378, 747, 5550]
[729, 9160, 23, 25, 1507, 1539, 3210]
[577, 5577, 19, 24, 1941, 1534, 6544]
[650, 3532, 16, 20, 1836, 1327, 6888]
[670, 4667, 12, 25, 1978, 1939, 6239]
[522, 6845, 22, 25, 1185, 835, 8635]
[715, 6471, 12, 24, 1825, 560, 7789]
[511, 5777, 23, 30, 1704, 1714, 9572]
[600, 8551, 6, 19, 1589, 964, 301]
[697, 4884, 18, 30, 1636, 975, 6726]
[631, 6066, 28, 26, 1436, 1440, 4511]
[668, 7739, 20, 28, 1080, 1285, 8496]
[707, 4308, 17, 29, 1649, 920, 7081]
[743, 3709, 16, 30, 1448, 1667, 9183]
[551, 7384, 14, 24, 1907, 1230, 6889]
[588, 3262, 18, 25, 1713, 1754, 5525]
[617, 8164, 1, 29, 1310, 1801, 3003]
[640, 8037, 6, 30, 1168, 1628, 4282]
[508, 8764, 3, 18, 1963, 534, 7521]
[503, 9427, 25, 21, 1330, 1050, 1893]
[704, 8368, 6, 22, 1372, 642, 2843]
[540, 5340, 17, 19, 1747, 1058, 4924]
[616, 9005, 11, 24, 1560, 733, 487]
[579, 6416, 11, 23, 1890, 885, 4333]
[527, 5326, 29, 28, 1597, 928, 7172]
[709, 3420, 8, 17, 1481, 799, 678]
[684, 4562, 15, 28, 1593, 1888, 7090]
[639, 5057, 21, 29, 1786, 1557, 7486]
[557, 7541, 21, 17, 1479, 1882, 9534]
[705, 5881, 22, 27, 1511, 620, 4992]
[532, 4987, 29, 17, 1388, 644, 1352]
[579, 5690, 24, 19, 1501, 1656, 4234]
[533, 3319, 18, 30, 1113, 1709, 3665]
[746, 7921, 15, 19, 1922, 1941, 8437]
[509, 6346, 7, 22, 1176, 921, 9494]
[672, 6796, 19, 20, 1579, 713, 6490]
[575, 7379, 16, 17, 1408, 1753, 6691]
[730, 5554, 1, 19, 1280, 1171, 9329]
[700, 4357, 11, 23, 1293, 1045, 1679]
[714, 6356, 30, 25, 1427, 1907, 8854]
[624, 9541, 18, 20, 1141, 1985, 761]
[521, 4339, 6, 19, 1626, 936, 4491]
[694, 5971, 20, 25, 1936, 1022, 6131]
[586, 6037, 4, 21, 1315, 1736, 8108]
[534, 8001, 18, 29, 1181, 1156, 741]
[604, 3849, 13, 30, 1882, 801, 2148]
[587, 4189, 20, 26, 1875, 1274, 1355]
[646, 7757, 8, 26, 1158, 1046, 6078]
[728, 5671, 19, 25, 1192, 1437, 4641]
[527, 9697, 2, 30, 1377, 525, 338]
[523, 6637, 4, 30, 1981, 581, 3178]
[561, 9684, 19, 23, 1240, 736, 7487]
[542, 8827, 8, 19, 1836, 710, 7228]
[733, 6348, 26, 25, 1912, 1102, 9114]
[564, 9079, 16, 22, 1177, 925, 5300]
[510, 3473, 1, 29, 1377, 1987, 9874]
[581, 6935, 13, 22, 1483, 628, 1151]
[733, 5849, 20, 24, 1189, 1012, 3625]
[700, 8311, 25, 25, 1963, 1909, 7782]
[669, 6164, 9, 19, 1629, 925, 5135]
[550, 5268, 12, 18, 1914, 1075, 1564]
[692, 6919, 3, 27, 1663, 1817, 5652]
[740, 5113, 13, 21, 1117, 1170, 3160]
[581, 9744, 28, 26, 1989, 1120, 4127]
[585, 4076, 18, 26, 1667, 1720, 1608]
[562, 5053, 1, 29, 1324, 1322, 1285]
[568, 7765, 28, 18, 1821, 653, 452]
[662, 3331, 10, 29, 1886, 1235, 8181]
[620, 4513, 4, 25, 1871, 1171, 1363]
[630, 8699, 6, 19, 1869, 806, 2418]
[710, 5869, 10, 18, 1801, 1553, 9961]
[575, 4284, 29, 20, 1220, 1617, 620]
[699, 5839, 27, 26, 1898, 1876, 9159]
[715, 9362, 23, 20, 1257, 1112, 7188]
[637, 4543, 2, 28, 1957, 1867, 4151]
[564, 9621, 3, 27, 1532, 1380, 9099]
[564, 7684, 15, 30, 1625, 1428, 278]
[601, 6024, 6, 21, 1572, 549, 6926]
[749, 7924, 1, 17, 1783, 1226, 9603]
[535, 8112, 5, 19, 1340, 1067, 6617]
[644, 6535, 6, 26, 1166, 978, 8062]
[501, 4704, 17, 22, 1587, 1828, 7281]
[738, 8873, 21, 28, 1306, 988, 5227]
[626, 8877, 16, 20, 1804, 1344, 5620]
[643, 8257, 30, 28, 1744, 1063, 3695]
[512, 3836, 25, 25, 1735, 1255, 2712]
[630, 9525, 26, 20, 1394, 1111, 5008]
[717, 7774, 12, 19, 1793, 1936, 7714]
[652, 3946, 28, 18, 1993, 1741, 8520]
[646, 6340, 6, 19, 1331, 1373, 3665]
[741, 7915, 24, 29, 1876, 606, 8210]
