[2701, 9825, 28, 26, 629, 1022, 2031]
[8617, 7864, 16, 21, 1277, 929, 1637]
[8493, 964, 29, 27, 1298, 1386, 134]
[7797, 4863, 24, 26, 968, 1710, 1774]
[5700, 1001, 1, 1, 1830, 1608, 250]
[6745, 4048, 14, 24, 559, 1580, 3732]
[7674, 8623, 18, 8, 1207, 972, 3684]
[8030, 5247, 30, 1, 1352, 1639, 1738]
[3545, 5356, 4, 24, 1181, 1977, 8305]
[7415, 8818, 27, 30, 1872, 888, 5070]
[5155, 8681, 28, 17, 1305, 1706, 665]
[8368, 4477, 24, 26, 1327, 1348, 2934]
[6514, 9491, 29, 23, 1881, 1267, 1516]
[7691, 8830, 4, 25, 835, 1566, 6543]
[6570, 8523, 24, 1, 1461, 589, 5154]
[9972, 6948, 21, 6, 845, 1528, 3818]
[701, 3768, 18, 30, 1622, 975, 6726]
[8917, 6133, 28, 19, 1223, 1440, 4511]
[9478, 593, 13, 26, 1549, 764, 8598]
[9697, 3866, 14, 2, 1485, 1246, 9438]
[9583, 3774, 17, 14, 1493, 1230, 6889]
[6170, 525, 18, 18, 1776, 1754, 5525]
[8006, 958, 26, 8, 1801, 862, 9123]
[3461, 2000, 26, 18, 1022, 566, 1254]
[1863, 773, 15, 1, 1075, 1011, 4501]
[2293, 3524, 12, 10, 642, 842, 2715]
[4681, 9140, 6, 22, 1058, 1827, 4924]
[7949, 5775, 16, 16, 733, 548, 5211]
[6833, 6125, 14, 26, 885, 1029, 1881]
[4652, 8857, 7, 20, 1384, 542, 3792]
[792, 7009, 5, 2, 1972, 828, 7401]
[8795, 7490, 18, 27, 951, 1791, 8563]
[7886, 4156, 17, 21, 562, 1308, 9534]
[5763, 7484, 2, 24, 1111, 757, 3575]
[1277, 5519, 3, 28, 656, 1135, 4980]
[3092, 7318, 19, 9, 767, 517, 9286]
[1121, 4065, 29, 19, 1443, 851, 8437]
[1113, 6692, 7, 12, 702, 921, 9494]
[7593, 3680, 16, 4, 1863, 1298, 4950]
[8759, 8688, 1, 11, 1753, 1323, 4709]
[796, 3071, 7, 28, 1171, 1653, 2314]
[6055, 7532, 7, 9, 1881, 697, 6313]
[9472, 6133, 30, 29, 1907, 1594, 8038]
[9224, 4344, 3, 24, 582, 673, 2279]
[3280, 3228, 30, 18, 936, 1048, 5543]
[8788, 4682, 12, 11, 1196, 733, 4871]
[4353, 8508, 5, 19, 1628, 713, 5354]
[1141, 7161, 3, 13, 801, 756, 5685]
[2379, 6693, 3, 19, 1626, 958, 9372]
[1839, 4870, 12, 29, 1105, 1655, 8853]
[2372, 8000, 29, 9, 720, 593, 4945]
[702, 738, 3, 14, 735, 581, 3178]
[4426, 7397, 6, 4, 1423, 842, 4055]
[3104, 2184, 14, 30, 1274, 1611, 4917]
[9514, 4651, 23, 16, 1144, 705, 3501]
[5700, 1149, 1, 1, 1105, 1987, 9874]
[5746, 7870, 13, 11, 1316, 628, 1151]
[5699, 7968, 4, 9, 940, 1765, 8995]
[8182, 6329, 9, 6, 1609, 925, 5135]
[3763, 4536, 12, 3, 1075, 683, 7438]
[1982, 9910, 21, 11, 965, 1299, 5126]
[1172, 5861, 6, 11, 1685, 1120, 4127]
[5977, 2153, 18, 20, 1685, 1720, 1608]
[4515, 4107, 1, 26, 999, 1322, 1285]
[4891, 9530, 28, 3, 1993, 653, 452]
[662, 5264, 25, 26, 1235, 1510, 7781]
[3026, 2153, 17, 25, 1171, 657, 8443]
[3338, 3442, 25, 5, 789, 1154, 5107]
[2251, 8927, 27, 30, 1732, 1101, 2169]
[3887, 2821, 18, 30, 1979, 565, 5278]
[9559, 3865, 6, 10, 1386, 1600, 2686]
[1295, 4551, 9, 25, 631, 1896, 7418]
[7547, 9499, 9, 18, 1399, 1601, 7527]
[678, 6983, 27, 11, 851, 1028, 8059]
[899, 7326, 19, 1, 627, 1916, 5915]
[2765, 2550, 5, 9, 1067, 1314, 9341]
[7071, 3320, 20, 3, 978, 1495, 222]
[3409, 9162, 11, 17, 1828, 1397, 3798]
[4405, 5627, 16, 22, 1480, 960, 6854]
[6020, 9681, 20, 30, 1991, 1838, 4609]
[4095, 1289, 30, 3, 1547, 1821, 6140]
[3112, 8882, 25, 26, 917, 1138, 4994]
[5408, 9549, 12, 6, 1936, 1936, 7714]
[1892, 2519, 29, 20, 1552, 1669, 6280]
[3388, 3052, 9, 14, 945, 1666, 954]
[8610, 6948, 23, 21, 1212, 1286, 8538]
[3200, 9416, 24, 2, 1573, 685, 4280]
[2155, 4883, 24, 30, 671, 784, 1443]
[7791, 4448, 28, 13, 1386, 1313, 2799]
[5832, 7678, 5, 20, 1499, 934, 2052]
[7565, 9249, 14, 30, 741, 1852, 4941]
[5049, 4566, 13, 24, 1645, 508, 3210]
[9156, 7688, 19, 1, 563, 1785, 4068]
[4766, 3885, 6, 10, 803, 1610, 3384]
[4976, 5597, 19, 25, 1013, 1899, 7413]
[3252, 9435, 12, 16, 1360, 749, 3523]
[9847, 6779, 7, 10, 721, 549, 2034]
[9827, 716, 18, 10, 1880, 1983, 2337]
[1731, 8698, 12, 19, 1137, 1395, 8341]
[6346, 9157, 11, 1, 753, 1405, 7465]
