[10, 13, 30, 24, 26, 15, 34] 0.08615204678362577
[5, 2, 7, 4, 10, 21, 5] 0.0607305236270754
[16, 5, 23, 30, 15, 31, 88] 0.1340438871473355
[1, 19, 22, 17, 19, 11, 95] 0.11095973597359726
[18, 14, 11, 21, 10, 21, 29] 0.06379864947820747
[17, 12, 23, 19, 30, 34, 40] 0.07640619396903015
[18, 11, 12, 17, 38, 10, 92] 0.05058059888829123
[9, 10, 17, 15, 16, 15, 10] 0.0661619585687383
[10, 16, 13, 20, 40, 19, 8] 0.08464724116553007
[1, 19, 29, 16, 32, 18, 23] 0.5151891025641027
[11, 17, 1, 20, 10, 15, 33] 0.3470683661645424
[9, 8, 23, 18, 12, 21, 4] 0.0831142191142191
[5, 12, 26, 19, 13, 21, 10] 0.04814753342554174
[20, 18, 18, 22, 40, 36, 53] 0.0370037082818293
[17, 15, 16, 26, 13, 17, 77] 0.09236298292902063
[5, 8, 13, 15, 37, 18, 69] 0.045937602627257726
[16, 12, 9, 17, 28, 31, 31] 0.028681867535287845
[12, 2, 11, 11, 40, 18, 71] 0.05027293064876953
[12, 1, 14, 18, 32, 38, 75] 0.053586254295532654
[2, 13, 26, 1, 23, 23, 31] 0.057517673378076076
[9, 6, 12, 18, 36, 40, 10] 0.0396633307672569
[5, 5, 2, 10, 21, 37, 3] 0.021569082125603847
[15, 8, 19, 17, 26, 35, 66] 0.08262146892655374
[18, 19, 14, 10, 31, 35, 14] 0.034038123167155446
[20, 13, 9, 27, 39, 24, 76] 0.03429934803717565
[14, 3, 26, 13, 23, 27, 53] 0.1196862745098039
[6, 9, 10, 19, 21, 31, 6] 0.04649034608378872
[14, 16, 6, 18, 27, 40, 94] 0.03190266783934322
[20, 14, 1, 18, 29, 23, 85] 0.17882912332838036
[14, 16, 19, 29, 32, 19, 49] 0.049465783664459216
[1, 2, 11, 11, 40, 18, 23] 0.0613806706114397
[18, 14, 26, 13, 23, 21, 29] 0.09499368088467611
[9, 10, 22, 17, 16, 15, 10] 0.08073840267814444
[20, 14, 23, 18, 12, 21, 85] 0.12188734995383195
[5, 2, 7, 4, 36, 21, 5] 0.03271260504201672
[12, 8, 19, 18, 32, 38, 75] 0.04599086757990857
[10, 13, 30, 24, 13, 15, 34] 0.11510084680523477
[6, 9, 12, 19, 21, 15, 33] 0.08001393728222989
[17, 12, 23, 30, 15, 34, 40] 0.09262577777777768
[1, 19, 22, 18, 29, 11, 95] 0.7046604593420237
[5, 2, 7, 4, 16, 15, 5] 0.0583437139561707
[10, 13, 13, 20, 26, 15, 34] 0.07336256752462653
[14, 3, 26, 19, 13, 27, 53] 0.15337856173677078
[1, 11, 12, 17, 38, 18, 23] 0.4989038208168643
[20, 18, 18, 26, 40, 36, 53] 0.0364322007958372
[12, 19, 29, 16, 32, 18, 71] 0.07310532837670379
[14, 3, 11, 21, 10, 27, 71] 0.09874849578820702
[1, 19, 17, 15, 19, 11, 95] 0.13414742335290286
[9, 8, 1, 18, 29, 23, 4] 0.04458559463986588
[9, 6, 12, 18, 10, 40, 10] 0.059138888888888824
[15, 1, 14, 17, 26, 35, 66] 0.06281285444234411
[17, 15, 16, 26, 26, 17, 77] 0.062435532557136665
[6, 17, 1, 20, 10, 31, 6] 0.5242491312483293
[16, 5, 23, 19, 30, 31, 88] 0.09295340985820404
[20, 14, 1, 17, 19, 23, 85] 0.2041986531986531
[9, 10, 17, 15, 10, 21, 10] 0.06356554307116098
[10, 16, 30, 24, 40, 19, 8] 0.08078083832335338
[5, 12, 26, 13, 23, 21, 10] 0.08076767676767675
[18, 19, 29, 16, 32, 10, 92] 0.11446409674981102
[17, 15, 16, 22, 13, 17, 77] 0.08681197326358608
[14, 3, 26, 13, 10, 27, 53] 0.16174857142857138
[10, 16, 30, 24, 13, 19, 8] 0.1544069264069265
[1, 19, 22, 17, 19, 17, 95] 0.1012119589468988
[14, 11, 12, 17, 38, 11, 29] 0.041825747724317304
[6, 19, 23, 28, 29, 23, 98] 0.231174647235716
[6, 15, 1, 16, 36, 18, 23] 0.2757463904582549
[18, 14, 11, 21, 23, 21, 29] 0.04942983514274224
[6, 17, 1, 20, 10, 36, 6] 0.5381798365122615
[14, 3, 26, 6, 10, 31, 53] 0.16332033426183848
[20, 14, 23, 18, 29, 23, 85] 0.07968294688373632
[16, 5, 23, 30, 16, 40, 88] 0.1819966499162479
[10, 13, 30, 24, 19, 23, 1] 0.08082173174872659
[2, 11, 22, 23, 19, 23, 23] 0.37811652340019103
[11, 17, 1, 20, 18, 15, 2] 0.2916759431045145
[10, 13, 13, 20, 40, 15, 34] 0.05118742323753376
[17, 15, 16, 26, 13, 11, 77] 0.09014550264550257
[1, 19, 22, 18, 29, 18, 95] 0.7061979797979798
[9, 8, 1, 17, 19, 21, 4] 0.06208283071974266
[20, 13, 29, 18, 29, 23, 85] 0.13986360739324408
[14, 3, 26, 13, 10, 27, 71] 0.18323068611561324
[1, 19, 17, 15, 19, 31, 95] 0.04320797720797722
[6, 17, 1, 13, 23, 27, 6] 0.35746080699049093
[20, 14, 1, 18, 12, 21, 85] 0.2478336106489185
[15, 8, 19, 17, 15, 31, 66] 0.11719977362761737
[20, 14, 1, 17, 26, 15, 85] 0.191413870246085
[1, 19, 12, 17, 38, 18, 95] 0.694754303599374
[1, 19, 1, 15, 19, 11, 95] 0.05710382513661199
[10, 13, 30, 24, 10, 15, 34] 0.11037376048817688
[20, 14, 17, 18, 29, 23, 85] 0.059747549019607785
[6, 17, 1, 20, 13, 31, 6] 0.4975252449133384
[11, 5, 23, 30, 16, 15, 2] 0.12171514242878552
[20, 14, 1, 20, 12, 21, 85] 0.33058298465829844
[2, 11, 1, 20, 10, 23, 23] 0.10259217877094969
[1, 19, 29, 18, 29, 18, 95] 0.7393987577639752
[20, 13, 22, 18, 29, 23, 85] 0.079912610441767
[1, 11, 12, 17, 13, 11, 88] 0.06824551463644948
[6, 17, 1, 13, 38, 27, 6] 0.3523713310580205
[6, 17, 1, 20, 18, 15, 6] 0.4124648910411622
[2, 11, 1, 18, 19, 23, 23] 0.5085444801714898
[6, 3, 26, 6, 36, 18, 23] 0.059479781420765
[1, 19, 12, 17, 38, 18, 23] 0.6896393182718985
[6, 17, 30, 20, 10, 31, 6] 0.041911635438353106
[16, 13, 1, 20, 18, 40, 88] 0.29772505129640003
[11, 17, 1, 18, 10, 15, 33] 0.3130218642117377
[6, 17, 22, 23, 19, 31, 6] 0.1297101051668953
[2, 3, 22, 16, 32, 18, 23] 0.043687732342007464
[1, 19, 29, 18, 29, 11, 95] 0.6953731343283582
[6, 17, 1, 20, 38, 31, 6] 0.4049649450321509
[1, 19, 3, 17, 23, 18, 95] 0.36323785803237857
[11, 17, 1, 20, 10, 36, 2] 0.4573794839521712
[20, 14, 22, 23, 29, 23, 85] 0.0804956097560976
[14, 15, 1, 16, 10, 31, 53] 0.30135455861070914
[1, 19, 29, 16, 32, 18, 95] 0.46102601040416163
[10, 16, 1, 21, 13, 19, 10] 0.33737818552497445
[1, 19, 23, 28, 29, 18, 95] 0.7744296654574768
[1, 19, 22, 18, 10, 31, 95] 0.04727943262411342
[1, 14, 12, 17, 38, 18, 23] 0.6015956989247312
[6, 19, 22, 18, 29, 23, 98] 0.12924403855910713
[6, 17, 1, 20, 29, 11, 6] 0.2984746162927981
[20, 11, 1, 17, 19, 23, 85] 0.12846596491228074
[1, 11, 1, 18, 29, 18, 95] 0.5660871794871795
[6, 19, 1, 20, 10, 37, 6] 0.544793427230047
[1, 19, 22, 18, 29, 18, 23] 0.7580118143459915
[1, 19, 29, 20, 18, 11, 95] 0.11446679815910588
[7, 19, 12, 17, 38, 18, 6] 0.09743023255813943
[11, 11, 12, 20, 10, 15, 33] 0.06184070796460172
[6, 17, 12, 17, 18, 15, 6] 0.21578167641325538
[1, 19, 1, 20, 18, 40, 95] 0.06130055865921776
[6, 17, 1, 18, 13, 31, 6] 0.41139375320020477
[1, 19, 29, 17, 38, 18, 95] 0.7298139720558882
[1, 19, 29, 13, 23, 27, 95] 0.08577429467084646
[1, 19, 22, 18, 29, 11, 23] 0.7092636815920398
[2, 19, 22, 18, 19, 23, 23] 0.4772526610644258
[1, 17, 29, 18, 29, 18, 95] 0.5527288888888889
[1, 14, 12, 17, 38, 11, 95] 0.6574180392156863
[6, 17, 1, 18, 29, 15, 6] 0.3702405643738977
[1, 17, 1, 13, 23, 23, 23] 0.3498590006844627
[1, 17, 1, 17, 38, 18, 23] 0.6635404794210764
[1, 11, 1, 20, 38, 18, 23] 0.6146076260762607
[16, 13, 22, 18, 29, 18, 88] 0.07316467379903505
[1, 19, 29, 20, 29, 18, 95] 0.7407822878228782
[1, 19, 12, 16, 32, 18, 95] 0.7053141025641027
[6, 17, 1, 18, 29, 11, 6] 0.30611999999999995
[1, 19, 1, 18, 19, 18, 23] 0.08503565891472867
[1, 19, 1, 18, 29, 18, 95] 0.6870105433901055
[1, 14, 22, 18, 29, 18, 23] 0.7013245758073344
[2, 11, 29, 16, 32, 23, 23] 0.23274116523400187
[11, 17, 29, 20, 10, 15, 33] 0.10303559127439718
[1, 19, 12, 17, 38, 11, 95] 0.7496660459342024
[6, 17, 12, 17, 38, 15, 6] 0.17445512239347244
[1, 17, 1, 18, 29, 11, 23] 0.7337815602836879
[1, 14, 22, 18, 29, 11, 23] 0.6762680067001675
[1, 19, 29, 20, 29, 18, 23] 0.570776299879081
[1, 19, 12, 17, 32, 18, 95] 0.7534134615384616
[1, 19, 19, 17, 38, 11, 95] 0.7295909090909091
[1, 17, 1, 20, 38, 18, 23] 0.7252359843546284
[6, 19, 29, 18, 29, 18, 6] 0.19305754985754975
[1, 19, 22, 17, 30, 18, 23] 0.755421568627451
[1, 19, 25, 17, 38, 18, 95] 0.6933364669016843
[1, 14, 23, 28, 29, 11, 95] 0.6925940594059405
[1, 19, 12, 16, 38, 18, 23] 0.6431600312256051
[1, 11, 1, 17, 38, 18, 23] 0.5795966602440591
[1, 17, 1, 20, 10, 36, 95] 0.0462802721088435
[6, 17, 1, 18, 29, 36, 6] 0.41088721804511286
[1, 19, 12, 16, 38, 18, 95] 0.6349033530571992
[5, 19, 22, 18, 29, 25, 23] 0.17132931726907624
[1, 19, 22, 18, 38, 11, 23] 0.7387206875383671
[1, 19, 23, 20, 29, 18, 95] 0.7054109871953738
[1, 19, 22, 18, 38, 18, 95] 0.7009573051312181
[1, 5, 22, 20, 10, 18, 23] 0.02488073394495399
[1, 14, 12, 17, 20, 23, 23] 0.16697351598173515
[1, 11, 21, 18, 29, 11, 95] 0.5579493177387914
[12, 11, 1, 20, 38, 28, 23] 0.15832569360675516
[1, 19, 12, 17, 29, 11, 95] 0.6970686456400742
[1, 19, 29, 28, 29, 18, 95] 0.762264705882353
[1, 19, 29, 17, 29, 18, 95] 0.7276435643564355
[1, 19, 12, 16, 32, 11, 95] 0.7031272727272727
[1, 14, 12, 17, 29, 18, 23] 0.550967877830437
[1, 14, 22, 18, 38, 11, 95] 0.6615987361769352
[1, 19, 29, 20, 38, 18, 95] 0.7434179517595888
[1, 17, 22, 18, 29, 11, 23] 0.7349717514124294
[1, 19, 23, 28, 38, 18, 95] 0.7668695652173914
[1, 19, 12, 17, 29, 18, 95] 0.6599466666666667
[1, 19, 22, 28, 29, 18, 23] 0.7699408667476711
[1, 19, 1, 18, 38, 11, 23] 0.7327989821882952
[1, 19, 29, 20, 29, 18, 23] 0.645769577695777
[1, 19, 29, 17, 32, 18, 95] 0.7349353110836423
[1, 19, 12, 16, 38, 18, 95] 0.679801652892562
[1, 19, 29, 18, 29, 11, 23] 0.680397268777157
[1, 19, 22, 18, 12, 18, 95] 0.10554180727409067
[1, 19, 23, 17, 30, 18, 95] 0.7468088888888889
[1, 19, 22, 18, 30, 11, 95] 0.7010681399631676
[15, 14, 27, 28, 29, 13, 23] 0.0937810218978103
[1, 19, 22, 17, 29, 18, 23] 0.7506750735603196
[1, 7, 6, 20, 38, 18, 95] 0.48751145038167937
[1, 19, 29, 20, 38, 18, 23] 0.7504136253041362
[1, 19, 22, 18, 38, 11, 95] 0.7125868544600938
[1, 19, 29, 28, 29, 33, 23] 0.5195251828631139
[1, 19, 20, 9, 38, 14, 95] 0.6833246250604741
[1, 17, 23, 28, 23, 11, 23] 0.5377834036568215
[1, 6, 29, 18, 29, 18, 95] 0.23968580060422962
[1, 19, 19, 17, 29, 11, 95] 0.7229684601113173
[1, 19, 22, 17, 29, 18, 95] 0.7580118143459915
[1, 19, 18, 18, 29, 18, 23] 0.6999083969465648
[1, 19, 23, 28, 30, 18, 23] 0.7730855745721272
[1, 19, 12, 17, 32, 11, 23] 0.7572007648183556
[1, 19, 29, 17, 29, 18, 23] 0.4831326530612245
[1, 19, 22, 20, 38, 18, 95] 0.6948968824940048
[1, 14, 22, 17, 39, 32, 95] 0.417060606060606
[16, 19, 2, 17, 38, 18, 95] 0.1477962432346387
[1, 19, 23, 17, 24, 11, 95] 0.5410381679389313
[1, 17, 12, 17, 32, 11, 23] 0.7330160055671537
[1, 19, 23, 28, 29, 18, 23] 0.7688100445524504
[2, 19, 29, 20, 38, 18, 23] 0.6034398249452954
[1, 19, 29, 17, 32, 11, 95] 0.7524678362573098
[1, 19, 23, 17, 38, 18, 5] 0.6995105882352941
[1, 19, 12, 17, 38, 18, 23] 0.754945699564011
[1, 17, 1, 17, 30, 18, 23] 0.725578339991123
[1, 19, 22, 17, 38, 18, 23] 0.7614453917986196
[1, 19, 12, 28, 29, 18, 95] 0.7471774461028193
[1, 19, 22, 28, 38, 18, 23] 0.7728951930654058
[1, 19, 1, 18, 29, 11, 23] 0.7587840834964122
[1, 19, 22, 28, 30, 18, 23] 0.7708982630272952
[1, 17, 22, 18, 29, 18, 23] 0.734860877684407
[1, 19, 29, 20, 30, 18, 95] 0.6005185185185185
[1, 19, 23, 14, 30, 18, 23] 0.6521867954911433
[1, 19, 23, 28, 32, 11, 95] 0.7692572877059569
[1, 19, 22, 20, 38, 18, 23] 0.6984156862745098
[1, 19, 29, 18, 38, 11, 95] 0.706497949619215
[1, 19, 23, 17, 32, 18, 95] 0.759016149068323
[1, 19, 12, 20, 38, 18, 23] 0.7035414212799372
[1, 19, 23, 18, 30, 18, 95] 0.6939248120300752
[1, 19, 29, 17, 38, 11, 95] 0.7505949288806432
[1, 19, 23, 23, 30, 18, 23] 0.7342383252818034
[1, 19, 1, 18, 38, 18, 95] 0.7021380670611439
[1, 19, 22, 28, 29, 18, 95] 0.7574053169734152
[1, 19, 23, 18, 29, 18, 95] 0.7069708737864078
[1, 17, 23, 28, 29, 11, 23] 0.75232
[1, 19, 29, 17, 29, 18, 23] 0.54317998385795
[1, 19, 29, 28, 30, 18, 23] 0.648151186168074
[1, 17, 23, 28, 29, 18, 95] 0.7450329670329671
[11, 19, 22, 28, 30, 18, 23] 0.15088678051865909
[1, 19, 23, 28, 32, 18, 95] 0.812
[7, 19, 22, 28, 29, 18, 23] 0.30298767460969595
[1, 19, 29, 28, 29, 11, 95] 0.6959950341402855
[1, 19, 22, 17, 29, 11, 23] 0.6954278606965174
[1, 19, 12, 17, 32, 11, 95] 0.7473371721049263
[1, 19, 23, 28, 30, 18, 95] 0.7618474504846187
[1, 19, 23, 28, 32, 11, 23] 0.7696951296647692
[1, 19, 22, 17, 32, 27, 98] 0.6193405615790937
[1, 19, 1, 28, 29, 11, 23] 0.7557105943152455
[1, 19, 12, 17, 38, 18, 95] 0.7580221169036334
[1, 19, 29, 28, 38, 18, 95] 0.818186274509804
[1, 19, 22, 17, 32, 18, 23] 0.7487037494849609
[1, 19, 1, 18, 38, 18, 23] 0.7256226101413134
[1, 19, 23, 28, 38, 18, 23] 0.772702681072429
[1, 1, 1, 18, 29, 11, 23] 0.02956410256410265
[1, 19, 23, 28, 30, 19, 23] 0.7674285714285715
[1, 19, 23, 28, 33, 11, 95] 0.7630252525252526
[1, 19, 23, 20, 33, 18, 95] 0.7651572942135288
[1, 19, 22, 17, 32, 11, 95] 0.7588986615678776
[1, 19, 1, 18, 13, 11, 23] 0.15710420475319933
[1, 19, 12, 17, 29, 18, 95] 0.6613793103448276
[1, 19, 4, 14, 32, 26, 49] 0.5338828426999702
[1, 19, 29, 17, 29, 18, 23] 0.7361030756442227
[1, 19, 29, 28, 32, 18, 95] 0.747878197320341
[1, 19, 23, 28, 30, 11, 23] 0.7630153846153847
[1, 19, 22, 17, 30, 32, 23] 0.4646837107377648
[1, 19, 23, 28, 38, 11, 95] 0.7618385705483672
[1, 19, 29, 17, 29, 18, 95] 0.7443153039832285
[1, 19, 23, 14, 32, 29, 23] 0.4840709677419355
[10, 19, 19, 28, 29, 18, 95] 0.19513346747149568
[1, 19, 22, 28, 29, 11, 23] 0.7651837524177949
[1, 19, 23, 17, 38, 18, 23] 0.7583004359889021
[1, 19, 23, 28, 29, 18, 94] 0.7544405063291139
[1, 19, 23, 14, 33, 18, 95] 0.7048857029072083
[1, 19, 12, 28, 32, 11, 95] 0.7625952836201403
[1, 19, 23, 28, 32, 18, 23] 0.7642928425357872
[1, 19, 22, 28, 29, 11, 95] 0.719350553505535
[1, 19, 1, 18, 29, 18, 23] 0.7475722639933166
[1, 19, 22, 28, 30, 11, 23] 0.7643519588953114
[1, 19, 23, 20, 30, 18, 23] 0.7209764801297648
[1, 19, 23, 17, 34, 18, 95] 0.7585457438345267
[1, 19, 29, 28, 38, 11, 95] 0.757180811808118
[1, 19, 29, 28, 30, 18, 95] 0.7590161490683229
[3, 17, 22, 28, 38, 18, 26] 0.4461661319073084
[4, 9, 29, 28, 11, 18, 95] 0.050080586080586
[1, 19, 22, 17, 29, 18, 23] 0.753574378423936
[1, 19, 30, 28, 38, 11, 14] 0.7071557907113463
[1, 19, 23, 18, 29, 18, 23] 0.7048475711892798
[1, 19, 23, 28, 38, 19, 23] 0.7892054794520548
[1, 19, 23, 28, 29, 11, 95] 0.7466925064599483
[1, 19, 22, 4, 29, 34, 18] 0.16903488103488112
[1, 19, 23, 17, 38, 18, 95] 0.7198779342723005
[9, 6, 9, 28, 32, 11, 95] 0.03940983606557377
[1, 19, 23, 30, 30, 18, 23] 0.7719837000814995
[1, 19, 1, 18, 29, 18, 95] 0.739444309437019
[1, 19, 23, 28, 38, 11, 23] 0.7579506172839506
[10, 13, 30, 24, 26, 15, 34] 0.08828486646884279
[5, 2, 7, 4, 10, 21, 5] 0.060730523627075476
[16, 5, 23, 30, 15, 31, 88] 0.12978826895565088
[1, 19, 22, 17, 19, 11, 95] 0.07420726072607274
[18, 14, 11, 21, 10, 21, 29] 0.06378843788437895
[17, 12, 23, 19, 30, 34, 40] 0.061451361867704266
[18, 11, 12, 17, 38, 10, 92] 0.05366024268379729
[9, 10, 17, 15, 16, 15, 10] 0.06226934097421205
[10, 16, 13, 20, 40, 19, 8] 0.0924004287245446
[1, 19, 29, 16, 32, 18, 23] 0.45292103075644224
[11, 17, 1, 20, 10, 15, 33] 0.38016646464646464
[9, 8, 23, 18, 12, 21, 4] 0.0829617335177502
[5, 12, 26, 19, 13, 21, 10] 0.0512823086574655
[20, 18, 18, 22, 40, 36, 53] 0.04059714687562781
[17, 15, 16, 26, 13, 17, 77] 0.08701234567901235
[5, 8, 13, 15, 37, 18, 69] 0.04573002754820942
[16, 12, 9, 17, 28, 31, 31] 0.03629645697758495
[12, 2, 11, 11, 40, 18, 71] 0.03729839883551682
[12, 1, 14, 18, 32, 38, 75] 0.057617308992562566
[2, 13, 26, 1, 23, 23, 31] 0.04983920505871718
[9, 6, 12, 18, 36, 40, 10] 0.03956790123456793
[5, 5, 2, 10, 21, 37, 3] 0.014982658959537716
[15, 8, 19, 17, 26, 35, 66] 0.08490317364059023
[18, 19, 14, 10, 31, 35, 14] 0.03068671679198003
[20, 13, 9, 27, 39, 24, 76] 0.043246704331450114
[14, 3, 26, 13, 23, 27, 53] 0.11260594909536947
[6, 9, 10, 19, 21, 31, 6] 0.05892335115864528
[14, 16, 6, 18, 27, 40, 94] 0.021269475240206913
[20, 14, 1, 18, 29, 23, 85] 0.1554915418076365
[14, 16, 19, 29, 32, 19, 49] 0.06298949038270871
[14, 16, 6, 18, 27, 19, 49] 0.042972648432288145
[2, 13, 12, 17, 38, 23, 31] 0.29806930693069306
[20, 13, 10, 19, 39, 24, 76] 0.034275426575305586
[5, 5, 13, 15, 37, 18, 3] 0.03643322818086224
[5, 12, 26, 19, 28, 21, 10] 0.10654681647940072
[20, 12, 23, 22, 40, 36, 53] 0.0792192860454334
[18, 19, 14, 10, 13, 35, 14] 0.040332841932841895
[6, 6, 12, 18, 36, 31, 88] 0.028462354188759236
[2, 13, 13, 15, 37, 23, 31] 0.23929607609988102
[12, 1, 14, 11, 40, 38, 75] 0.04335113407981613
[14, 16, 6, 18, 31, 35, 94] 0.02893121693121693
[9, 8, 19, 17, 12, 21, 4] 0.07584146341463417
[20, 13, 9, 17, 28, 24, 76] 0.03644123214593021
[11, 11, 12, 17, 38, 15, 33] 0.0370351254480286
[5, 5, 2, 21, 21, 37, 3] 0.020512230215827296
[14, 16, 19, 29, 32, 40, 94] 0.04275344180225276
[18, 11, 26, 1, 23, 10, 71] 0.12659592711682738
[6, 9, 9, 27, 21, 31, 6] 0.10876749435665907
[5, 8, 2, 10, 21, 37, 69] 0.03281489927784122
[16, 12, 9, 17, 13, 31, 31] 0.042578664620107454
[17, 18, 18, 19, 30, 34, 40] 0.04412695861791879
[17, 15, 16, 26, 31, 17, 77] 0.0526806321205439
[9, 5, 23, 30, 15, 40, 10] 0.08516179337231976
[5, 8, 26, 1, 23, 18, 69] 0.0544732824427481
[12, 2, 11, 18, 32, 18, 71] 0.05311776447105799
[18, 19, 14, 10, 27, 40, 14] 0.029227475039095417
[15, 8, 23, 18, 26, 35, 66] 0.09161242236024848
[16, 12, 9, 27, 39, 31, 31] 0.032473965490914615
[18, 17, 1, 20, 10, 10, 92] 0.24064378698224845
[18, 14, 11, 10, 10, 21, 29] 0.07916107382550329
[5, 5, 13, 15, 31, 18, 3] 0.03130657358929623
[12, 1, 9, 17, 28, 38, 75] 0.0502459259259258
[12, 2, 11, 11, 40, 40, 71] 0.032506541077969665
[14, 6, 12, 18, 36, 11, 29] 0.04481469816272968
[6, 19, 18, 28, 29, 40, 98] 0.3852105943152455
[6, 15, 14, 18, 36, 40, 94] 0.07753287981859396
[18, 19, 12, 18, 13, 35, 14] 0.03601355013550133
[5, 5, 2, 21, 21, 36, 3] 0.017310077519379807
[5, 5, 13, 6, 21, 37, 3] 0.03392814371257488
[18, 12, 9, 17, 31, 35, 14] 0.028536585365853576
[11, 16, 6, 17, 38, 15, 33] 0.07734431480210478
[20, 13, 10, 19, 16, 40, 76] 0.04486266170476701
[20, 13, 9, 27, 27, 40, 1] 0.0671898734177216
[2, 6, 11, 23, 40, 23, 88] 0.1218347775852108
[14, 16, 6, 18, 18, 35, 2] 0.041256583897667405
[20, 13, 14, 11, 40, 24, 76] 0.04923564562223953
[14, 16, 19, 29, 32, 18, 94] 0.06064048338368582
[5, 5, 2, 10, 21, 31, 3] 0.02423723228995069
[17, 18, 14, 10, 19, 34, 40] 0.036261063355619384
[18, 13, 6, 10, 31, 35, 14] 0.024384892086330944
[9, 6, 14, 10, 36, 40, 10] 0.030185125735687494
[5, 5, 2, 15, 37, 18, 3] 0.024166941241076396
[16, 19, 14, 10, 28, 31, 31] 0.03136796158882599
[14, 11, 12, 18, 27, 40, 94] 0.02859095920617425
[5, 8, 13, 15, 39, 24, 69] 0.03140450254175747
[18, 19, 14, 10, 39, 24, 14] 0.03147663551401866
[12, 2, 12, 18, 36, 31, 71] 0.04161957186544346
[5, 8, 14, 10, 21, 37, 69] 0.03421637426900589
[20, 13, 9, 17, 21, 24, 76] 0.04235248143806178
[18, 19, 2, 10, 31, 35, 14] 0.04058721934369618
[18, 12, 9, 27, 39, 40, 14] 0.03861015654830095
[18, 19, 6, 18, 31, 35, 14] 0.04248150943396229
[18, 12, 2, 15, 37, 35, 14] 0.05224616251232213
[18, 19, 2, 18, 13, 35, 14] 0.3514783765801729
[18, 13, 6, 10, 36, 11, 88] 0.03562916428707403
[14, 11, 12, 18, 21, 40, 94] 0.033497411389884546
[14, 16, 6, 10, 27, 40, 94] 0.019609246830723376
[18, 12, 11, 11, 31, 35, 14] 0.04061214374225527
[9, 8, 2, 10, 36, 40, 10] 0.014441460541813868
[5, 5, 14, 15, 37, 18, 3] 0.02968915542228899
[16, 13, 14, 10, 27, 31, 31] 0.0417178526841449
[14, 16, 14, 10, 31, 35, 94] 0.027695732838589997
[5, 5, 9, 17, 31, 18, 3] 0.02732504440497333
[2, 3, 2, 10, 21, 31, 3] 0.025641693811075034
[5, 5, 12, 21, 21, 36, 3] 0.033932607568688364
[6, 6, 12, 18, 31, 31, 88] 0.02545773524720888
[5, 5, 3, 21, 27, 37, 3] 0.02058237547892717
[18, 19, 14, 18, 27, 40, 14] 0.033380670611439844
[12, 2, 9, 17, 40, 40, 71] 0.02829856850715747
[5, 6, 14, 10, 21, 37, 69] 0.027437037037036916
[5, 8, 2, 21, 21, 37, 10] 0.15297928436911482
[5, 5, 2, 10, 21, 36, 3] 0.02204878048780495
[5, 5, 13, 15, 21, 37, 3] 0.026898550724637628
[18, 13, 14, 10, 28, 35, 14] 0.03884035759897829
[18, 5, 2, 10, 21, 35, 14] 0.08092292292292301
[19, 19, 2, 11, 39, 18, 3] 0.03840396530359358
[10, 19, 6, 10, 22, 31, 31] 0.04133262222222217
[5, 12, 9, 17, 31, 31, 3] 0.11307509005264615
[14, 13, 6, 10, 31, 35, 94] 0.021911498376900748
[18, 16, 6, 18, 31, 35, 14] 0.024036036036036018
[7, 19, 6, 18, 27, 40, 10] 0.2657708536189548
[5, 5, 6, 10, 31, 35, 3] 0.020485002112378657
[5, 5, 3, 18, 36, 31, 3] 0.013686829686829674
[6, 16, 12, 18, 31, 31, 88] 0.1994109138724523
[18, 16, 6, 10, 36, 40, 14] 0.021195797516714538
[14, 16, 2, 10, 21, 37, 94] 0.02504651553316547
[5, 5, 9, 15, 31, 18, 3] 0.03594610427650846
[12, 2, 9, 17, 40, 37, 71] 0.030256489334361383
[14, 13, 6, 18, 31, 35, 94] 0.024053007135575982
[2, 3, 12, 18, 21, 31, 3] 0.052257627118644095
[18, 16, 6, 18, 21, 37, 14] 0.029509933774834456
[14, 16, 2, 10, 36, 23, 94] 0.02846317231928755
[14, 13, 2, 21, 21, 37, 80] 0.21679029199848315
[5, 6, 14, 10, 21, 36, 69] 0.025461187214611998
[6, 6, 12, 21, 27, 37, 88] 0.031155555555555457
[14, 6, 6, 10, 27, 40, 94] 0.05423331023331031
[9, 6, 14, 18, 31, 35, 10] 0.040406821705426435
[5, 5, 6, 10, 27, 40, 3] 0.01813748378728926
[5, 5, 2, 17, 37, 18, 3] 0.02379180509413077
[5, 5, 3, 21, 27, 40, 3] 0.019993179880647884
[6, 6, 2, 10, 31, 31, 88] 0.015529051987767582
[5, 5, 8, 21, 31, 35, 3] 0.025797713280562847
[18, 16, 2, 15, 37, 35, 14] 0.11026938775510214
[14, 19, 6, 18, 27, 40, 94] 0.05397957288765086
[14, 16, 6, 10, 31, 18, 94] 0.028306477093206956
[5, 5, 6, 18, 31, 18, 3] 0.02534939759036147
[18, 16, 14, 10, 27, 40, 14] 0.03775934959349585
[5, 5, 9, 17, 27, 40, 3] 0.019724198506807355
[14, 5, 2, 10, 21, 35, 94] 0.05894484412470021
[5, 13, 6, 10, 31, 37, 3] 0.03873871206513707
[5, 5, 6, 17, 27, 40, 3] 0.02205195948921177
[5, 16, 6, 21, 21, 37, 3] 0.41445302934346634
[5, 13, 6, 10, 31, 40, 3] 0.04526877381752965
[6, 6, 2, 14, 24, 18, 88] 0.022401766004414996
[5, 16, 6, 18, 36, 31, 3] 0.30905723472668817
[5, 5, 2, 10, 31, 37, 3] 0.017799319727891214
[14, 16, 6, 10, 27, 35, 94] 0.01948707818930037
[5, 5, 3, 10, 36, 31, 3] 0.01535632183908042
[5, 5, 9, 10, 31, 35, 3] 0.020297262059973918
[14, 5, 2, 10, 27, 40, 94] 0.04833580246913578
[14, 5, 3, 21, 27, 35, 94] 0.048912875867386275
[18, 16, 2, 17, 37, 31, 3] 0.1664819872545194
[18, 5, 3, 1, 31, 35, 20] 0.052364508393285394
[18, 13, 6, 10, 21, 35, 14] 0.02624896115627829
[14, 13, 6, 10, 31, 40, 94] 0.017120829284094585
[5, 5, 6, 18, 31, 35, 3] 0.0176121537086683
[18, 16, 2, 14, 21, 37, 14] 0.12403282241833093
[5, 16, 2, 15, 37, 18, 3] 0.3197058468957203
[5, 5, 3, 10, 27, 40, 3] 0.017864968152866176
[5, 6, 3, 21, 27, 40, 3] 0.05227616926503341
[14, 5, 6, 18, 31, 37, 94] 0.04640074125550164
[5, 5, 2, 10, 36, 36, 3] 0.017535042735042708
[5, 5, 6, 10, 36, 40, 3] 0.01477829457364343
[14, 11, 21, 18, 27, 40, 94] 0.050040287265720705
[5, 5, 6, 18, 36, 31, 3] 0.018764525993883688
[6, 5, 2, 10, 31, 31, 88] 0.018203799654576844
[14, 16, 2, 10, 21, 35, 94] 0.028308977035490623
[9, 8, 2, 21, 21, 40, 10] 0.08121510096575943
[5, 8, 2, 10, 36, 31, 3] 0.028024294390853882
[9, 5, 3, 18, 36, 40, 10] 0.022712002324905577
[5, 5, 6, 18, 21, 35, 3] 0.0204471544715447
[14, 16, 6, 10, 21, 39, 94] 0.020239678714859533
[6, 5, 6, 10, 31, 31, 88] 0.022232762406675426
[6, 6, 3, 10, 31, 31, 88] 0.017124758594051798
[5, 5, 9, 10, 31, 36, 3] 0.019715039577836446
[14, 5, 2, 10, 27, 40, 94] 0.033822572178477756
[14, 13, 6, 18, 36, 40, 94] 0.020573787409700752
[6, 6, 2, 10, 21, 31, 88] 0.022318592486923496
[5, 5, 6, 10, 31, 40, 3] 0.017803307223672647
[14, 5, 6, 10, 31, 40, 94] 0.05203471733520985
[14, 5, 3, 18, 36, 40, 94] 0.042317581949766016
[5, 8, 2, 10, 36, 40, 72] 0.023359095193214018
[5, 5, 2, 21, 31, 36, 3] 0.017413778348309726
[5, 5, 2, 10, 27, 37, 3] 0.015311334289813443
[5, 5, 2, 10, 36, 40, 3] 0.011153463451971005
[5, 5, 2, 10, 36, 31, 3] 0.014097186700767154
[5, 5, 2, 10, 36, 35, 3] 0.015009425878320569
[5, 16, 6, 18, 31, 37, 3] 0.3651924651924653
[5, 5, 6, 10, 31, 31, 3] 0.021128496917970554
[5, 5, 6, 10, 36, 35, 3] 0.019684291187739525
[5, 13, 6, 10, 27, 40, 50] 0.049129693618981674
[5, 16, 6, 10, 13, 31, 3] 0.0806225680933852
[4, 5, 6, 21, 21, 36, 3] 0.05878830409356724
[5, 5, 2, 10, 27, 40, 86] 0.018319865319865337
[9, 8, 3, 21, 36, 40, 10] 0.023778247592201155
[5, 11, 6, 10, 36, 31, 3] 0.03715789473684213
[5, 5, 2, 10, 21, 31, 3] 0.024162816281628162
[5, 3, 3, 10, 36, 40, 3] 0.019447058823529425
[5, 5, 3, 18, 36, 37, 3] 0.01234364261168372
[15, 5, 27, 10, 36, 13, 3] 0.09230418584264728
[5, 5, 2, 10, 36, 37, 3] 0.011932255581216326
[5, 5, 6, 10, 36, 31, 3] 0.017101010101010092
[5, 8, 2, 10, 36, 40, 3] 0.02605910165484637
[5, 5, 2, 21, 36, 31, 3] 0.021244785014899997
[6, 5, 3, 18, 36, 31, 88] 0.021109557109557097
[5, 5, 2, 10, 31, 36, 3] 0.019050530785562576
[14, 5, 2, 10, 31, 40, 94] 0.03600649501275801
[6, 6, 2, 10, 36, 31, 88] 0.014461773700305809
[5, 6, 3, 10, 31, 36, 3] 0.01537405189620752
[5, 5, 3, 18, 31, 37, 3] 0.014884598884599013
[14, 13, 3, 10, 31, 40, 94] 0.01367291366330291
[9, 5, 2, 10, 36, 40, 10] 0.017572889278410764
[14, 16, 20, 9, 27, 14, 94] 0.0650430644777539
[7, 18, 2, 10, 31, 36, 3] 0.1167468698965705
[5, 6, 2, 10, 31, 31, 3] 0.015513888888888931
[5, 6, 6, 18, 36, 35, 3] 0.016337164750957794
[5, 5, 2, 10, 27, 35, 3] 0.014666666666666692
[5, 5, 2, 21, 21, 37, 3] 0.014921001926782161
[4, 13, 6, 10, 36, 40, 3] 0.055569609134826455
[11, 5, 3, 18, 36, 31, 3] 0.03415242744778953
[9, 8, 18, 10, 31, 40, 10] 0.034171316691140555
[6, 5, 2, 21, 31, 31, 88] 0.022612383375742225
[5, 5, 2, 10, 31, 31, 3] 0.01498265895953743
[5, 5, 3, 18, 27, 37, 3] 0.019128888888888737
[5, 5, 2, 10, 31, 40, 3] 0.01276239316239328
[6, 6, 3, 10, 36, 31, 88] 0.016353302611367155
[5, 5, 6, 10, 36, 37, 3] 0.019512495194156085
[5, 5, 6, 10, 27, 37, 3] 0.019449856733524364
[5, 5, 3, 18, 31, 36, 3] 0.023281373844121597
[5, 5, 2, 21, 36, 37, 3] 0.01170987654320989
[5, 5, 2, 10, 36, 23, 3] 0.020582375478927335
[9, 8, 2, 10, 36, 37, 10] 0.01654599406528189
[14, 5, 3, 10, 31, 40, 94] 0.038737222976029016
[5, 5, 2, 18, 36, 37, 3] 0.016490421455938757
[5, 5, 6, 10, 36, 37, 3] 0.019684291187739424
[16, 6, 2, 18, 31, 37, 3] 0.04783100971694129
[5, 5, 3, 18, 31, 40, 3] 0.017744897959183756
[5, 8, 2, 10, 36, 40, 3] 0.027143350604490583
[5, 5, 2, 10, 27, 31, 3] 0.02057362110311758
[5, 13, 3, 10, 36, 35, 3] 0.09631263084438242
[6, 6, 2, 21, 21, 31, 88] 0.03293067426400751
[5, 13, 3, 18, 31, 37, 3] 0.2655856366643043
[5, 5, 3, 10, 31, 36, 3] 0.01736348408710222
[9, 5, 6, 10, 36, 40, 10] 0.025472570314675588
[5, 5, 2, 10, 31, 35, 3] 0.01402646180110959
[15, 5, 2, 21, 21, 11, 39] 0.03975836030204967
[14, 5, 2, 3, 18, 40, 94] 0.05441129527317366
[5, 6, 2, 21, 36, 37, 3] 0.0522185061315496
[14, 5, 2, 10, 36, 37, 94] 0.023959860383944223
[5, 8, 2, 18, 31, 37, 3] 0.105875236294896
[5, 13, 6, 10, 31, 40, 3] 0.06032596561732535
[9, 5, 3, 10, 36, 40, 10] 0.022924544666088394
[6, 13, 3, 10, 36, 31, 88] 0.10242930402930393
[5, 5, 2, 21, 21, 31, 3] 0.02224584717607976
[6, 6, 2, 10, 36, 40, 88] 0.014690498588899217
[14, 6, 3, 10, 27, 40, 6] 0.03746148409893997
[9, 8, 2, 10, 36, 31, 10] 0.017828078684990544
[15, 5, 2, 10, 31, 37, 3] 0.035709825528007395
[5, 5, 3, 18, 27, 35, 3] 0.017005847953216403
[14, 13, 3, 10, 36, 40, 19] 0.012999852180339905
[5, 5, 2, 10, 31, 37, 3] 0.018922094508301436
[5, 5, 2, 18, 36, 40, 3] 0.012917628945342539
[5, 5, 3, 10, 31, 40, 3] 0.01779931972789109
[5, 5, 3, 10, 36, 40, 3] 0.012221967087638834
[10, 13, 30, 24, 26, 15, 34] 0.5542813582813583
[5, 2, 7, 4, 10, 21, 5] -0.6059225967540574
[16, 5, 23, 30, 15, 31, 88] 0.4488671808054841
[1, 19, 22, 17, 19, 11, 95] 0.263262313860252
[18, 14, 11, 21, 10, 21, 29] 0.6804908097367114
[17, 12, 23, 19, 30, 34, 40] 0.6701682051282052
[18, 11, 12, 17, 38, 10, 92] 0.7125167057771817
[9, 10, 17, 15, 16, 15, 10] 0.47645746845746845
[10, 16, 13, 20, 40, 19, 8] 0.5657910548523206
[1, 19, 29, 16, 32, 18, 23] 0.04926533628972646
[11, 17, 1, 20, 10, 15, 33] 0.6532298153389945
[9, 8, 23, 18, 12, 21, 4] 0.41343182854537164
[10, 13, 30, 24, 26, 15, 34] 0.09043458475540386
[5, 2, 7, 4, 10, 21, 5] 0.06440948813982525
[16, 5, 23, 30, 15, 31, 88] 0.13924884629037987
[1, 19, 22, 17, 19, 11, 95] 0.16102691511387168
