[50222, 31543, 1065, 1482, 68, 102, 5, 5, 473, 5, 868]
[142888, 22431, 1228, 4423, 54, 60, 5, 5, 459, 5, 4942]
[41798, 98212, 1007, 1091, 8, 88, 5, 5, 452, 8, 337]
[73115, 129789, 1240, 3030, 75, 34, 5, 5, 453, 9, 2473]
[20633, 124099, 1214, 4753, 76, 123, 5, 5, 462, 3, 2825]
[146281, 125652, 1129, 4399, 121, 90, 5, 5, 461, 9, 4239]
[118115, 24050, 1122, 1994, 100, 107, 5, 5, 447, 7, 4595]
[113226, 37666, 1112, 3718, 70, 18, 5, 5, 472, 9, 342]
[138029, 26399, 1078, 3881, 113, 83, 5, 5, 446, 10, 1959]
[18224, 67302, 1138, 4768, 115, 75, 5, 5, 490, 7, 4833]
[107608, 135358, 1232, 2102, 89, 75, 5, 5, 490, 4, 4349]
[68866, 126697, 1243, 1229, 66, 116, 5, 5, 489, 8, 4072]
[108530, 123638, 1088, 1006, 73, 74, 5, 5, 428, 5, 1551]
[62391, 39012, 1204, 3257, 107, 113, 5, 5, 434, 3, 236]
[133750, 18816, 1193, 4094, 40, 36, 5, 5, 448, 7, 2478]
[33223, 58901, 1040, 2045, 72, 26, 5, 5, 483, 7, 4167]
[139196, 44934, 1006, 2277, 54, 48, 5, 5, 458, 3, 2176]
[148723, 69811, 1247, 3480, 60, 109, 5, 5, 427, 8, 1299]
[24260, 57002, 1114, 3886, 69, 91, 5, 5, 491, 9, 1928]
[23047, 118520, 1172, 3358, 107, 46, 5, 5, 463, 4, 1837]
[27436, 95317, 1018, 4516, 14, 44, 5, 5, 478, 6, 1168]
[17223, 24939, 1151, 4356, 32, 120, 5, 5, 490, 2, 3196]
[67535, 105945, 1025, 1842, 78, 91, 5, 5, 488, 3, 3295]
[92613, 147148, 1127, 1070, 46, 83, 5, 5, 427, 4, 1745]
[100915, 50426, 1086, 2758, 32, 39, 5, 5, 495, 7, 4477]
[142008, 76509, 1016, 3971, 10, 15, 5, 5, 446, 10, 1844]
[85257, 102093, 1153, 3072, 112, 37, 5, 5, 468, 3, 2485]
[76653, 143134, 1034, 3375, 75, 103, 5, 5, 430, 8, 699]
[114675, 53621, 1212, 1512, 48, 19, 5, 5, 498, 10, 1932]
[36428, 84920, 1093, 4648, 42, 77, 5, 5, 460, 3, 474]
[92525, 18245, 1157, 3746, 6, 16, 5, 5, 430, 5, 2063]
[125366, 57472, 1029, 2846, 26, 92, 5, 5, 438, 8, 3198]
[92076, 81429, 1182, 2953, 45, 17, 5, 5, 430, 2, 186]
[92476, 98951, 1115, 2602, 45, 56, 5, 5, 465, 9, 1012]
[80552, 71411, 1200, 3530, 104, 119, 5, 5, 458, 4, 4536]
[69483, 95562, 1050, 2009, 51, 15, 5, 5, 482, 3, 4805]
[103836, 74618, 1099, 4959, 44, 10, 5, 5, 465, 6, 2113]
[102643, 41462, 1139, 3504, 79, 108, 5, 5, 453, 2, 2096]
[120322, 33960, 1068, 3257, 116, 14, 5, 5, 426, 6, 3042]
[144305, 137902, 1220, 4518, 24, 17, 5, 5, 490, 4, 1571]
[54207, 52103, 1210, 4545, 45, 44, 5, 5, 441, 5, 1260]
[23325, 97855, 1210, 4699, 84, 107, 5, 5, 463, 8, 4503]
[56391, 27729, 1182, 4531, 90, 36, 5, 5, 482, 8, 4599]
[80593, 130185, 1217, 3203, 63, 6, 5, 5, 446, 6, 4079]
[21398, 124231, 1249, 3337, 7, 12, 5, 5, 500, 4, 1234]
[82924, 87591, 1101, 3310, 56, 27, 5, 5, 487, 2, 1554]
[98162, 146307, 1228, 3657, 122, 61, 5, 5, 465, 9, 4022]
[73998, 123067, 1086, 3295, 83, 121, 5, 5, 431, 3, 4291]
[111649, 56803, 1130, 4137, 106, 118, 5, 5, 463, 6, 4624]
[112416, 58300, 1179, 3872, 99, 64, 5, 5, 490, 8, 1544]
[55836, 80692, 1109, 1891, 125, 77, 5, 5, 475, 7, 3245]
[58200, 25671, 1134, 1370, 108, 37, 5, 5, 435, 4, 771]
[131669, 78174, 1248, 4485, 53, 125, 5, 5, 446, 7, 3689]
[48116, 142917, 1245, 1868, 20, 60, 5, 5, 462, 6, 2133]
[114313, 16050, 1245, 1777, 72, 61, 5, 5, 456, 6, 1792]
[60312, 89653, 1037, 3221, 30, 39, 5, 5, 482, 4, 4567]
[108573, 143662, 1107, 4504, 20, 103, 5, 5, 451, 6, 985]
[21330, 45951, 1145, 4060, 6, 74, 5, 5, 434, 10, 3161]
[96592, 129601, 1128, 3774, 50, 102, 5, 5, 440, 9, 3782]
[106806, 94901, 1138, 2635, 48, 105, 5, 5, 473, 8, 1770]
[16015, 87776, 1162, 3450, 97, 117, 5, 5, 491, 8, 2601]
[59646, 132804, 1158, 3739, 72, 30, 5, 5, 474, 8, 3419]
[103083, 32759, 1126, 4054, 36, 86, 5, 5, 477, 4, 3354]
[85846, 61701, 1196, 1300, 109, 104, 5, 5, 458, 8, 4558]
[94604, 54864, 1118, 4411, 38, 67, 5, 5, 490, 2, 2318]
[148767, 40855, 1190, 3419, 59, 13, 5, 5, 481, 2, 1444]
[147949, 57369, 1176, 1381, 56, 86, 5, 5, 451, 10, 1801]
[77189, 102541, 1068, 1280, 14, 94, 5, 5, 490, 10, 507]
[59185, 92824, 1167, 4010, 96, 109, 5, 5, 454, 8, 4696]
[119783, 60183, 1123, 4234, 38, 115, 5, 5, 458, 5, 350]
[120538, 97976, 1237, 2768, 124, 102, 5, 5, 449, 3, 1456]
[131280, 53844, 1155, 4872, 38, 63, 5, 5, 442, 9, 3058]
[96202, 120055, 1061, 1474, 96, 31, 5, 5, 438, 5, 3352]
[99245, 144069, 1237, 1409, 28, 10, 5, 5, 452, 2, 4150]
[130942, 104769, 1169, 4431, 40, 20, 5, 5, 453, 8, 2010]
[144767, 132916, 1096, 4074, 26, 34, 5, 5, 484, 10, 4850]
[117129, 70550, 1115, 3928, 38, 47, 5, 5, 452, 3, 478]
[19040, 16370, 1219, 2967, 45, 118, 5, 5, 450, 8, 1411]
[54917, 22984, 1003, 2586, 23, 117, 5, 5, 457, 4, 751]
[136343, 94534, 1231, 1059, 9, 73, 5, 5, 430, 6, 1062]
[128379, 38864, 1048, 1113, 68, 86, 5, 5, 449, 9, 3292]
[101456, 85247, 1248, 2064, 87, 86, 5, 5, 432, 4, 2964]
[127321, 30939, 1231, 2446, 75, 57, 5, 5, 433, 6, 692]
[80950, 61551, 1249, 1395, 24, 12, 5, 5, 430, 2, 847]
[149437, 137989, 1128, 2516, 17, 45, 5, 5, 493, 2, 3731]
[48607, 118596, 1195, 3898, 120, 117, 5, 5, 492, 6, 840]
[80538, 100305, 1021, 2236, 9, 115, 5, 5, 458, 7, 1165]
[83236, 114662, 1206, 1479, 114, 91, 5, 5, 479, 5, 4218]
[68847, 101535, 1236, 2387, 70, 105, 5, 5, 438, 4, 3775]
[22934, 91369, 1190, 1643, 30, 52, 5, 5, 437, 8, 2929]
[48126, 32003, 1011, 2230, 109, 107, 5, 5, 463, 7, 2988]
[86478, 100272, 1191, 4065, 71, 69, 5, 5, 444, 7, 2767]
[100869, 33047, 1115, 2145, 66, 63, 5, 5, 435, 2, 1202]
[27773, 144020, 1147, 4494, 37, 105, 5, 5, 471, 7, 3397]
[95579, 136784, 1153, 2394, 73, 69, 5, 5, 443, 6, 1911]
[49971, 44559, 1047, 4138, 57, 125, 5, 5, 494, 6, 976]
[68567, 83602, 1017, 3589, 78, 72, 5, 5, 452, 4, 4290]
[128269, 20727, 1151, 2507, 120, 113, 5, 5, 453, 5, 4999]
[144398, 76661, 1108, 2852, 91, 51, 5, 5, 434, 6, 3436]
[67786, 17170, 1191, 3179, 103, 53, 5, 5, 476, 10, 4837]
