[295, 119, 8, 7, 20, 2, 1, 1, 5, 2, 21] -1.0
[155, 170, 8, 2, 23, 5, 1, 1, 6, 6, 6] -1.2222222222222223
[45, 61, 7, 3, 6, 24, 1, 1, 5, 7, 45] -3.0000000000000004
[153, 48, 8, 2, 12, 8, 1, 1, 1, 6, 7] -1.7
[186, 123, 2, 3, 22, 8, 1, 1, 3, 8, 41] -1.5499999999999998
[251, 107, 2, 2, 2, 10, 1, 1, 9, 2, 17] -0.0571428571428572
[38, 124, 8, 4, 12, 8, 1, 1, 1, 6, 11] -1.7
[103, 278, 3, 3, 25, 23, 1, 1, 8, 8, 5] -2.4
[286, 186, 10, 3, 1, 1, 1, 1, 7, 6, 23] 0.0833333333333333
[70, 104, 3, 2, 6, 4, 1, 1, 6, 10, 20] -0.47368421052631593
[46, 246, 4, 2, 10, 10, 1, 1, 9, 2, 22] -0.17021276595744697
[269, 45, 10, 7, 9, 21, 1, 1, 3, 9, 10] -1.4999999999999998
[84, 48, 7, 2, 6, 13, 1, 1, 3, 3, 36] -2.3846153846153846
[152, 148, 2, 6, 12, 5, 1, 1, 1, 9, 36] -1.0999999999999999
[92, 101, 4, 8, 12, 7, 1, 1, 2, 3, 49] -3.0000000000000004
[63, 175, 9, 8, 8, 15, 1, 1, 3, 3, 12] -2.5384615384615383
[230, 165, 5, 2, 9, 25, 1, 1, 4, 7, 42] -1.1818181818181819
[207, 233, 2, 4, 22, 21, 1, 1, 6, 7, 19] -1.5833333333333335
[209, 280, 6, 5, 9, 11, 1, 1, 8, 2, 20] -0.5116279069767442
[84, 74, 4, 5, 14, 10, 1, 1, 9, 10, 42] 0.03508771929824545
[107, 163, 2, 4, 15, 3, 1, 1, 8, 5, 18] -0.28571428571428586
[43, 34, 5, 8, 18, 2, 1, 1, 8, 9, 11] -0.4651162790697675
[273, 101, 5, 2, 22, 18, 1, 1, 7, 3, 37] -0.8958333333333335
[171, 212, 3, 7, 14, 7, 1, 1, 10, 7, 1] 0.28985507246376807
[188, 173, 4, 3, 10, 20, 1, 1, 3, 4, 31] -2.5384615384615383
[188, 173, 4, 3, 14, 10, 1, 1, 3, 4, 31] -2.0000000000000004
[209, 101, 6, 5, 9, 11, 1, 1, 6, 5, 20] -1.291666666666667
[273, 101, 5, 2, 22, 4, 1, 1, 7, 3, 37] -1.1612903225806452
[269, 45, 10, 7, 2, 10, 1, 1, 3, 9, 10] -0.12499999999999993
[171, 212, 3, 6, 12, 5, 1, 1, 1, 9, 1] -1.0999999999999999
[91, 246, 4, 2, 10, 6, 1, 1, 7, 2, 23] -0.3870967741935484
[43, 123, 2, 3, 22, 8, 1, 1, 8, 9, 11] -1.212121212121212
[209, 104, 3, 2, 6, 4, 1, 1, 6, 10, 20] -0.47368421052631593
[209, 85, 2, 2, 2, 14, 1, 1, 9, 6, 23] -0.32352941176470584
[230, 165, 3, 7, 14, 25, 1, 1, 4, 7, 42] -3.4499999999999997
[84, 74, 4, 5, 14, 10, 1, 1, 9, 2, 42] -0.25454545454545435
[273, 101, 2, 2, 2, 10, 1, 1, 9, 2, 37] -2.1333333333333333
[84, 74, 4, 5, 10, 20, 1, 1, 9, 10, 42] -0.1846153846153846
[155, 170, 8, 2, 23, 5, 1, 1, 9, 2, 6] -0.07499999999999993
[70, 104, 3, 2, 6, 18, 1, 1, 6, 10, 20] -1.185185185185185
[251, 107, 2, 2, 9, 21, 1, 1, 9, 2, 17] 0.0
[152, 148, 2, 7, 14, 7, 1, 1, 10, 7, 36] -0.5263157894736841
[46, 186, 10, 3, 1, 1, 1, 1, 9, 2, 22] -0.22222222222222227
[186, 34, 5, 8, 18, 2, 1, 1, 3, 8, 41] -1.9166666666666665
[70, 280, 6, 5, 9, 11, 1, 1, 8, 2, 20] 0.08163265306122446
[251, 186, 10, 3, 1, 1, 1, 1, 7, 2, 17] 0.0
[171, 212, 5, 2, 9, 7, 1, 1, 10, 7, 1] 0.17543859649122803
[46, 246, 5, 2, 10, 13, 1, 1, 9, 10, 22] -0.4222222222222222
[251, 107, 5, 2, 22, 18, 1, 1, 7, 3, 17] -0.8125000000000001
[286, 186, 4, 2, 10, 1, 1, 1, 7, 6, 23] -0.06666666666666674
[107, 280, 6, 5, 9, 11, 1, 1, 8, 2, 18] -0.5714285714285716
[286, 107, 2, 2, 9, 1, 1, 1, 7, 6, 23] -0.3636363636363636
[209, 85, 2, 2, 2, 14, 1, 1, 10, 6, 23] -0.59375
[251, 212, 5, 2, 9, 7, 1, 1, 10, 7, 17] 0.07999999999999996
[286, 186, 10, 3, 10, 1, 1, 1, 7, 6, 23] -0.5333333333333334
[46, 246, 4, 2, 10, 10, 1, 1, 9, 10, 22] -0.07843137254901968
[251, 107, 2, 2, 2, 10, 1, 1, 3, 9, 17] -0.375
[171, 243, 5, 6, 14, 7, 1, 1, 10, 7, 27] -0.05084745762711869
[84, 74, 4, 5, 14, 10, 1, 1, 9, 5, 42] -0.053571428571428416
[171, 212, 4, 5, 14, 7, 1, 1, 10, 7, 1] 0.0434782608695651
[70, 163, 2, 4, 15, 3, 1, 1, 8, 5, 20] -0.675
[152, 272, 10, 3, 1, 21, 1, 1, 9, 2, 43] -0.06382978723404262
[171, 212, 3, 7, 19, 25, 1, 1, 9, 4, 31] -1.5454545454545459
[171, 107, 2, 2, 2, 10, 1, 1, 9, 2, 1] -0.08888888888888884
[251, 186, 4, 2, 1, 1, 1, 1, 7, 2, 17] 0.0
[84, 74, 8, 5, 10, 20, 1, 1, 9, 2, 42] 0.029411764705882377
[269, 45, 10, 7, 9, 21, 1, 1, 9, 2, 10] -1.8695652173913044
[84, 74, 4, 5, 9, 10, 1, 1, 9, 2, 42] -0.10204081632653071
[107, 163, 2, 4, 15, 3, 1, 1, 8, 10, 18] -0.058823529411764754
[84, 74, 3, 7, 14, 10, 1, 1, 9, 10, 42] -0.311111111111111
[70, 280, 6, 5, 10, 6, 1, 1, 8, 2, 20] -0.27027027027027023
[251, 107, 4, 2, 9, 21, 1, 1, 9, 2, 17] -0.3214285714285713
[91, 246, 4, 2, 9, 11, 1, 1, 7, 2, 23] -0.1794871794871795
[46, 246, 2, 2, 10, 10, 1, 1, 9, 2, 22] -0.46153846153846134
[171, 212, 5, 2, 9, 7, 1, 1, 10, 2, 1] 0.1896551724137931
[152, 272, 3, 7, 14, 7, 1, 1, 9, 2, 43] -0.186046511627907
[84, 74, 4, 5, 14, 10, 1, 1, 10, 5, 42] -0.1551724137931036
[251, 107, 6, 5, 9, 11, 1, 1, 9, 2, 17] -0.2222222222222223
[251, 212, 5, 2, 14, 10, 1, 1, 9, 10, 17] -0.3469387755102042
[171, 212, 4, 5, 14, 10, 1, 1, 9, 7, 1] -0.21818181818181814
[171, 212, 3, 2, 9, 7, 1, 1, 10, 7, 1] -0.021739130434782507
[251, 186, 8, 5, 10, 3, 1, 1, 7, 3, 17] -2.4
[286, 186, 4, 3, 1, 1, 1, 1, 7, 6, 46] 0.0
[171, 243, 7, 6, 14, 5, 1, 1, 10, 7, 27] -0.08955223880597006
[171, 212, 10, 3, 1, 21, 1, 1, 10, 7, 1] -1.3055555555555556
[171, 212, 5, 2, 9, 7, 1, 1, 9, 2, 1] -0.04347826086956513
[70, 280, 2, 2, 2, 10, 1, 1, 8, 2, 20] -0.17142857142857143
[84, 74, 4, 5, 9, 7, 1, 1, 10, 7, 42] -0.1999999999999999
[84, 74, 4, 5, 14, 7, 1, 1, 10, 5, 42] -0.06060606060606049
[50, 78, 2, 9, 20, 1, 1, 1, 7, 3, 17] -1.620689655172414
[171, 212, 5, 7, 14, 7, 1, 1, 10, 2, 1] 0.01785714285714287
[84, 74, 10, 3, 1, 1, 1, 1, 9, 2, 11] -0.5555555555555558
[46, 246, 4, 2, 10, 10, 1, 1, 7, 6, 22] -0.4687499999999999
[107, 163, 4, 5, 14, 7, 1, 1, 8, 10, 18] -0.2790697674418606
[251, 107, 2, 2, 2, 10, 1, 1, 7, 2, 17] -0.2758620689655173
[286, 186, 10, 3, 1, 1, 1, 1, 9, 10, 23] -0.09090909090909087
[171, 212, 2, 4, 15, 3, 1, 1, 10, 7, 1] 0.44
[251, 186, 4, 2, 1, 1, 1, 1, 9, 2, 17] -0.22222222222222227
[251, 107, 6, 2, 25, 21, 1, 1, 9, 7, 17] -0.9523809523809523
[251, 163, 2, 2, 9, 7, 1, 1, 10, 7, 17] 0.12962962962962973
[251, 163, 2, 2, 9, 7, 1, 1, 9, 7, 17] -0.21052631578947373
[171, 212, 5, 3, 1, 1, 1, 1, 7, 6, 1] 0.1666666666666666
[251, 186, 10, 7, 14, 7, 1, 1, 7, 2, 17] -1.1304347826086956
[251, 186, 10, 3, 9, 21, 1, 1, 9, 2, 17] -1.1212121212121209
[171, 212, 4, 3, 1, 1, 1, 1, 7, 7, 1] 0.0
[251, 107, 8, 5, 10, 20, 1, 1, 9, 2, 17] -0.32812499999999994
[171, 212, 5, 2, 2, 7, 1, 1, 10, 7, 1] -0.611111111111111
[212, 280, 6, 5, 9, 19, 1, 1, 10, 7, 20] -0.16393442622950816
[286, 186, 10, 3, 1, 1, 1, 1, 10, 7, 23] 0.0833333333333333
[84, 74, 8, 5, 10, 20, 1, 1, 10, 2, 42] -0.6290322580645161
[117, 186, 4, 2, 9, 7, 1, 1, 10, 8, 46] -0.8285714285714287
[171, 212, 5, 3, 1, 1, 1, 1, 10, 2, 1] -0.22222222222222227
[286, 107, 2, 2, 1, 1, 1, 1, 7, 6, 23] 0.14285714285714296
[251, 212, 5, 2, 9, 7, 1, 1, 4, 7, 16] -0.95
[286, 186, 3, 7, 14, 7, 1, 1, 10, 6, 46] -0.857142857142857
[84, 74, 2, 2, 9, 21, 1, 1, 9, 2, 42] 0.13043478260869565
[251, 107, 2, 2, 9, 10, 1, 1, 9, 2, 17] -0.25641025641025633
[47, 212, 4, 6, 14, 11, 1, 1, 8, 2, 1] -0.7073170731707317
[251, 212, 5, 2, 9, 7, 1, 1, 7, 6, 17] -0.14705882352941171
[171, 212, 4, 5, 14, 7, 1, 1, 10, 6, 1] -0.11290322580645154
[84, 74, 4, 5, 10, 20, 1, 1, 9, 5, 42] -0.12962962962962954
[286, 186, 10, 3, 1, 1, 1, 1, 7, 7, 23] 0.09090909090909087
[84, 74, 8, 5, 14, 10, 1, 1, 9, 2, 42] -0.2678571428571427
[84, 74, 4, 5, 14, 4, 1, 1, 9, 10, 42] -0.8387096774193546
[251, 212, 2, 4, 15, 3, 1, 1, 10, 7, 17] 0.15942028985507245
[93, 186, 10, 2, 9, 21, 1, 1, 4, 2, 23] -2.7894736842105265
[251, 212, 5, 2, 15, 3, 1, 1, 10, 7, 17] -0.7142857142857141
[171, 212, 10, 3, 1, 1, 1, 1, 7, 6, 1] -0.11111111111111122
[171, 212, 3, 7, 14, 7, 1, 1, 7, 6, 1] -0.7333333333333335
[171, 212, 5, 10, 9, 7, 1, 1, 10, 7, 1] 0.0
[171, 186, 10, 4, 15, 3, 1, 1, 10, 7, 1] -0.3913043478260869
[286, 186, 10, 3, 1, 1, 1, 1, 7, 2, 23] -0.3333333333333333
[286, 107, 5, 10, 1, 1, 1, 1, 7, 7, 23] 0.1666666666666666
[171, 212, 3, 7, 14, 7, 1, 1, 7, 7, 1] -0.7352941176470587
[251, 212, 2, 4, 15, 20, 1, 1, 10, 7, 17] -0.2531645569620252
[296, 74, 2, 3, 1, 1, 1, 1, 7, 7, 42] -0.3333333333333333
[171, 212, 2, 4, 9, 7, 1, 1, 10, 7, 1] -0.3823529411764704
[286, 186, 5, 3, 1, 1, 1, 1, 10, 7, 23] 0.0833333333333333
[286, 107, 2, 2, 1, 1, 1, 1, 10, 7, 23] -0.09090909090909087
[251, 163, 2, 2, 9, 7, 1, 1, 10, 2, 17] 0.22580645161290325
[286, 212, 2, 3, 1, 1, 1, 1, 10, 7, 23] -0.1999999999999999
[251, 186, 4, 2, 1, 1, 1, 1, 7, 6, 17] 0.10000000000000009
[288, 186, 4, 3, 1, 1, 1, 1, 7, 2, 46] 0.0
[84, 196, 8, 5, 10, 3, 1, 1, 9, 2, 35] 0.186046511627907
[251, 212, 2, 2, 9, 7, 1, 1, 10, 7, 17] 0.2033898305084746
[171, 212, 2, 4, 14, 7, 1, 1, 10, 7, 1] -0.08196721311475418
[171, 143, 5, 3, 1, 1, 1, 1, 1, 6, 1] 0.0
[251, 163, 5, 2, 9, 7, 1, 1, 10, 7, 17] -0.5333333333333334
[171, 212, 3, 7, 15, 3, 1, 1, 10, 7, 1] -0.6666666666666667
[84, 163, 2, 2, 9, 21, 1, 1, 9, 2, 42] 0.10810810810810806
[171, 212, 2, 7, 14, 7, 1, 1, 10, 7, 1] -0.19999999999999996
[251, 186, 10, 3, 1, 8, 1, 1, 9, 8, 17] 0.2439024390243902
[171, 186, 5, 3, 1, 7, 1, 1, 10, 2, 1] -0.14285714285714285
[84, 212, 5, 3, 1, 1, 1, 1, 9, 2, 42] -0.3333333333333333
[251, 163, 5, 2, 9, 7, 1, 1, 10, 7, 17] -0.3055555555555555
[134, 140, 5, 2, 9, 7, 1, 1, 9, 2, 17] 0.0
[251, 212, 3, 7, 14, 7, 1, 1, 10, 7, 17] 0.14754098360655732
[171, 186, 10, 3, 1, 1, 1, 1, 7, 7, 1] -0.11111111111111122
[286, 186, 2, 4, 15, 3, 1, 1, 10, 7, 23] 0.17333333333333334
[286, 212, 2, 2, 9, 7, 1, 1, 7, 6, 23] -0.5
[84, 212, 2, 2, 9, 21, 1, 1, 9, 2, 42] 0.13157894736842102
[171, 212, 2, 2, 9, 7, 1, 1, 10, 7, 1] 0.2105263157894736
[84, 212, 2, 5, 10, 3, 1, 1, 9, 2, 35] -0.05128205128205118
[171, 212, 3, 4, 15, 3, 1, 1, 10, 7, 1] -0.2608695652173912
[286, 186, 4, 2, 1, 1, 1, 1, 7, 6, 23] 0.09090909090909087
[286, 212, 5, 2, 9, 1, 1, 1, 10, 7, 23] 0.4647887323943662
[171, 74, 2, 2, 9, 21, 1, 1, 7, 6, 1] -1.1176470588235292
[171, 212, 2, 2, 9, 7, 1, 1, 10, 2, 1] 0.2
[84, 196, 8, 3, 9, 3, 1, 1, 10, 7, 35] 0.09999999999999998
[286, 212, 5, 2, 9, 7, 1, 1, 10, 7, 23] 0.16363636363636366
[251, 212, 5, 3, 1, 1, 1, 1, 10, 7, 17] 0.0833333333333333
[138, 186, 10, 3, 1, 1, 1, 1, 10, 7, 17] 0.0833333333333333
[171, 74, 5, 3, 1, 1, 1, 1, 7, 6, 1] 0.3571428571428572
[251, 163, 2, 4, 9, 3, 1, 1, 10, 2, 17] 0.06521739130434788
[251, 196, 8, 2, 9, 7, 1, 1, 10, 7, 17] -0.3529411764705882
[286, 74, 5, 3, 1, 1, 1, 1, 7, 7, 23] -0.22222222222222227
[171, 212, 2, 4, 15, 3, 1, 1, 10, 6, 1] 0.43529411764705883
[251, 212, 2, 2, 9, 7, 1, 1, 10, 2, 17] 0.16071428571428584
[251, 163, 2, 2, 9, 7, 1, 1, 9, 2, 17] -0.09302325581395345
[171, 74, 5, 2, 9, 1, 1, 1, 7, 6, 1] -0.25
[251, 186, 10, 3, 1, 7, 1, 1, 10, 8, 17] 0.04166666666666659
[171, 212, 2, 4, 15, 1, 1, 1, 7, 7, 1] -0.12499999999999997
[84, 223, 3, 7, 14, 7, 1, 1, 8, 5, 35] -0.27499999999999997
[171, 132, 5, 2, 9, 24, 1, 1, 10, 6, 1] -1.5999999999999999
[286, 107, 2, 2, 1, 1, 1, 1, 7, 7, 23] 0.10000000000000009
[171, 163, 2, 2, 9, 7, 1, 1, 10, 10, 1] -0.13953488372093023
[84, 212, 2, 2, 9, 21, 1, 1, 10, 2, 42] 0.2767857142857143
[84, 74, 2, 3, 1, 21, 1, 1, 9, 2, 42] 0.1891891891891892
[251, 212, 6, 2, 9, 8, 1, 1, 8, 7, 17] -0.2368421052631578
[286, 107, 5, 10, 1, 3, 1, 1, 10, 7, 23] -0.21428571428571425
