[9305, 37803, 13, 13, 22977, 32968, 67, 78, 1834, 1963, 1819]
[6651, 32472, 8, 33, 40796, 28861, 87, 96, 2071, 1577, 3748]
[17954, 47786, 34, 23, 21949, 59575, 50, 49, 545, 1601, 4535]
[1103, 58252, 53, 26, 29445, 28163, 13, 81, 954, 2357, 3687]
[32993, 36732, 34, 16, 30380, 44857, 38, 96, 1441, 1871, 276]
[27774, 55391, 76, 34, 57343, 7053, 33, 88, 1982, 1878, 1090]
[49202, 22303, 97, 27, 48070, 28163, 74, 90, 888, 1885, 2427]
[39007, 58334, 68, 32, 48364, 26278, 85, 50, 1483, 1823, 3411]
[27652, 44064, 27, 16, 51216, 58350, 99, 97, 1881, 2330, 3169]
[6166, 29267, 89, 21, 22323, 51516, 30, 81, 2220, 1977, 3135]
[32592, 48522, 8, 20, 18099, 20719, 100, 87, 1714, 2167, 3324]
[42912, 11664, 26, 21, 30122, 1306, 35, 82, 2384, 2136, 2001]
[27006, 34170, 49, 35, 53116, 23652, 68, 65, 1850, 2136, 146]
[25645, 51857, 99, 21, 23720, 34492, 81, 61, 1372, 1632, 4041]
[57516, 24403, 77, 22, 28346, 33577, 62, 79, 2165, 1940, 3494]
[23180, 603, 73, 22, 56111, 52040, 88, 69, 1438, 2189, 329]
[53228, 15547, 86, 10, 51344, 38803, 33, 53, 2135, 2139, 2191]
[2627, 55664, 91, 7, 20704, 57390, 12, 76, 529, 2347, 2403]
[16855, 18105, 19, 30, 56197, 12598, 54, 66, 642, 1746, 1407]
[17225, 35062, 26, 26, 33135, 42980, 47, 77, 1938, 1904, 4167]
[31549, 7983, 8, 14, 40583, 23001, 63, 98, 885, 1839, 990]
[17110, 59470, 98, 21, 28952, 40191, 65, 100, 2497, 1596, 1946]
[1670, 26538, 23, 6, 25750, 29707, 100, 80, 1888, 2011, 4562]
[55042, 14957, 85, 30, 49105, 30046, 38, 81, 1828, 1606, 3335]
[44730, 38238, 46, 26, 56599, 28437, 17, 95, 1111, 1703, 1837]
[57879, 3609, 44, 7, 20259, 20839, 48, 95, 824, 2001, 4727]
[17038, 9045, 6, 22, 17734, 39204, 37, 84, 1443, 1750, 4268]
[2952, 25270, 30, 16, 21739, 13984, 83, 91, 2336, 2018, 4944]
[13221, 32766, 18, 35, 58894, 26063, 47, 80, 1523, 1592, 2765]
[40616, 57622, 56, 33, 33688, 1685, 30, 60, 2256, 1910, 4714]
[51795, 9356, 48, 18, 29211, 17967, 96, 54, 2215, 1963, 4586]
[23034, 58328, 92, 22, 47002, 50828, 78, 63, 633, 2317, 430]
[6049, 9217, 26, 10, 50522, 14457, 44, 96, 1180, 2189, 4244]
[55624, 17230, 52, 15, 37550, 7965, 47, 63, 2276, 2193, 4104]
[9370, 38508, 75, 29, 22083, 21519, 15, 74, 649, 1964, 1306]
[54796, 8693, 48, 8, 55566, 38996, 58, 52, 1668, 2138, 1932]
[37591, 5857, 39, 16, 34619, 37491, 78, 55, 1437, 1858, 982]
[52077, 3498, 42, 5, 55467, 44436, 11, 53, 1346, 1692, 427]
[12815, 16204, 80, 18, 25868, 8073, 67, 58, 1894, 1822, 1402]
[49259, 55879, 18, 18, 40040, 53353, 79, 100, 1102, 2138, 2175]
[47136, 31761, 45, 8, 28856, 43232, 50, 50, 555, 1585, 2521]
[48110, 39596, 45, 19, 40892, 21031, 61, 52, 631, 1899, 3834]
[7798, 16888, 32, 30, 55738, 51481, 79, 92, 1460, 2252, 3014]
[17479, 12507, 74, 11, 35390, 13555, 41, 71, 666, 1862, 832]
[49867, 29853, 16, 25, 52891, 42670, 53, 62, 1299, 1889, 436]
[21946, 12742, 45, 30, 53195, 59056, 48, 63, 1184, 1678, 4558]
[40568, 38444, 81, 7, 31312, 14928, 12, 99, 999, 1986, 692]
[18067, 36623, 14, 28, 20173, 1909, 91, 48, 1095, 2343, 3042]
[32826, 31225, 24, 8, 48111, 51470, 51, 52, 1542, 2256, 1519]
[12268, 51369, 24, 9, 36207, 20529, 23, 93, 1553, 2191, 2504]
[8777, 59073, 31, 9, 50999, 47858, 14, 97, 1147, 2213, 4629]
[55597, 49401, 93, 11, 26925, 20090, 65, 82, 823, 1624, 2125]
[17053, 51472, 13, 26, 44524, 53469, 65, 83, 1012, 2129, 3699]
[56290, 35762, 63, 5, 41183, 55307, 53, 58, 1028, 2072, 299]
[52474, 42865, 58, 23, 16489, 4584, 98, 70, 1687, 1716, 4962]
[8700, 9576, 38, 31, 33397, 26570, 82, 73, 852, 2202, 831]
[15804, 32350, 5, 10, 49898, 21290, 74, 89, 2385, 2023, 1949]
[16122, 21011, 68, 26, 46630, 15249, 62, 69, 1647, 2200, 2354]
[42863, 14883, 11, 34, 19939, 50516, 75, 89, 2296, 1952, 1406]
[34030, 50702, 31, 14, 34826, 45887, 48, 83, 1261, 1744, 3907]
[39466, 6068, 20, 33, 54971, 34182, 83, 72, 861, 1734, 2152]
[28467, 14761, 77, 28, 18666, 32942, 97, 73, 1968, 2227, 2950]
[25664, 34254, 26, 22, 17917, 34852, 21, 99, 1022, 2218, 927]
[18032, 48793, 15, 35, 24367, 51340, 88, 90, 1906, 2292, 771]
[29667, 56269, 35, 32, 40307, 53106, 65, 73, 837, 1908, 3689]
[8779, 41289, 67, 35, 29144, 8311, 65, 86, 1593, 1993, 1067]
[43787, 19864, 40, 12, 40078, 49624, 81, 48, 2465, 1769, 4428]
[29255, 38450, 7, 5, 56375, 40190, 41, 64, 923, 1752, 2432]
[10226, 36042, 30, 13, 35640, 38886, 42, 91, 1414, 1747, 4567]
[23893, 32665, 58, 32, 23232, 50901, 36, 84, 2300, 1967, 1777]
[19115, 53620, 18, 33, 16832, 8237, 82, 95, 527, 2133, 2528]
[44665, 50377, 97, 25, 24201, 5427, 74, 71, 1672, 1893, 3681]
[33466, 44885, 50, 29, 49878, 21713, 10, 55, 1405, 2310, 3782]
[23451, 20475, 74, 17, 37490, 51820, 97, 84, 1508, 1690, 3192]
[25560, 13863, 76, 5, 33444, 42150, 86, 94, 2305, 2331, 4285]
[13533, 30750, 81, 31, 49126, 27301, 49, 92, 848, 2035, 4449]
[13434, 24055, 72, 5, 59719, 26004, 84, 75, 2487, 1989, 2852]
[56942, 41238, 79, 28, 19689, 32789, 41, 88, 2480, 2239, 2482]
[41766, 1861, 57, 28, 56489, 10729, 91, 97, 2419, 1981, 2313]
[55961, 12175, 14, 31, 54929, 1163, 54, 64, 2134, 2300, 3468]
[57774, 45394, 74, 14, 25216, 30782, 43, 79, 847, 2053, 4280]
[3474, 18248, 70, 8, 53957, 28195, 18, 70, 637, 2247, 3724]
[1793, 11256, 69, 27, 25842, 45749, 21, 73, 1802, 2280, 2359]
[40148, 20449, 31, 21, 28862, 16047, 52, 65, 640, 1651, 4386]
[43674, 24630, 64, 21, 51796, 48782, 16, 58, 1108, 2243, 4656]
[18179, 23821, 83, 28, 30461, 26226, 81, 73, 852, 2070, 2226]
[57301, 40503, 47, 27, 29819, 17458, 88, 93, 1000, 2251, 350]
[56321, 59442, 84, 17, 35994, 28796, 41, 98, 1051, 1769, 694]
[41518, 48493, 26, 32, 53204, 29570, 84, 94, 803, 2195, 2246]
[30606, 35010, 25, 9, 24300, 59080, 66, 71, 1134, 2344, 3382]
[16260, 8091, 96, 11, 59906, 20520, 18, 54, 966, 1981, 2732]
[32767, 7051, 28, 6, 18876, 53549, 86, 49, 2320, 2345, 1874]
[45280, 2774, 68, 27, 49888, 53905, 88, 76, 1201, 2253, 2349]
[8237, 40689, 93, 10, 21491, 15053, 61, 62, 1513, 2035, 3195]
[49692, 11549, 34, 12, 33838, 30815, 80, 85, 1297, 1791, 3800]
[47353, 17400, 47, 20, 54153, 7770, 37, 53, 594, 1590, 142]
[56702, 31983, 45, 33, 40359, 56068, 84, 66, 2381, 1775, 3376]
[10990, 58173, 87, 9, 17246, 1494, 59, 57, 2294, 2255, 4544]
[4243, 37511, 53, 13, 23768, 5711, 69, 89, 2220, 1885, 218]
[2824, 35691, 12, 21, 23699, 3305, 45, 97, 740, 2017, 845]
