[9305, 37803, 13, 37, 1465, 16734, 62, 65, 1834, 1277, 4825]
[14259, 6651, 67, 8, 3693, 14680, 82, 5, 1925, 1412, 2685]
[47786, 53048, 34, 80, 1337, 10901, 8, 7, 552, 1830, 3812]
[1103, 58252, 53, 92, 2274, 14331, 97, 8, 1580, 954, 4723]
[29197, 32993, 75, 34, 3331, 8065, 91, 33, 2058, 1441, 2781]
[1908, 27774, 76, 87, 1319, 6591, 85, 97, 2261, 1107, 2090]
[49202, 22303, 97, 96, 4602, 14331, 69, 90, 888, 1121, 2758]
[39007, 58334, 68, 69, 3722, 19800, 9, 66, 997, 2023, 4861]
[26995, 27652, 90, 27, 3507, 18483, 94, 91, 2011, 1267, 1949]
[29267, 44000, 70, 18, 1841, 17570, 55, 52, 1502, 2000, 1716]
[31257, 3349, 44, 95, 3724, 21706, 26, 26, 1528, 964, 1645]
[50997, 13575, 74, 75, 2401, 13753, 70, 49, 2450, 2235, 3961]
[23652, 30589, 39, 89, 546, 13072, 99, 70, 2157, 764, 3719]
[51447, 37289, 31, 59, 959, 16264, 51, 77, 1635, 909, 3662]
[27592, 32280, 50, 58, 3335, 551, 73, 74, 1776, 2110, 4103]
[22201, 30525, 81, 8, 2380, 21319, 27, 75, 1696, 870, 1970]
[52826, 36612, 37, 9, 1077, 3227, 7, 62, 529, 2044, 4689]
[18928, 16855, 39, 19, 2012, 11786, 42, 13, 842, 826, 2640]
[35062, 11519, 89, 39, 2912, 15399, 94, 46, 1516, 1470, 2062]
[2048, 20947, 54, 48, 3948, 6661, 38, 18, 1019, 2342, 4585]
[33930, 14202, 82, 60, 670, 7885, 7, 55, 799, 572, 4539]
[11000, 29707, 95, 69, 3995, 18348, 33, 85, 2133, 1923, 3710]
[30046, 15127, 72, 88, 751, 13440, 91, 78, 2145, 1157, 4297]
[41849, 28437, 12, 99, 2946, 4618, 32, 11, 1127, 644, 1908]
[20839, 20021, 100, 25, 3909, 19011, 37, 21, 517, 1648, 1750]
[39204, 54201, 32, 77, 4275, 6120, 95, 84, 1542, 576, 3143]
[13633, 23236, 17, 31, 4046, 19879, 29, 68, 713, 2420, 4322]
[26063, 19903, 69, 68, 640, 11160, 83, 56, 2342, 1076, 1669]
[10786, 13663, 46, 77, 1607, 11611, 59, 32, 1045, 1881, 1989]
[55399, 25353, 75, 49, 4469, 17949, 35, 13, 1985, 582, 1941]
[9217, 11621, 26, 73, 2244, 9282, 47, 81, 1536, 2222, 2640]
[24624, 22706, 48, 19, 2885, 8206, 82, 96, 2317, 1501, 2149]
[38508, 36621, 18, 46, 820, 13823, 14, 53, 2273, 2114, 2198]
[54796, 8693, 48, 19, 3596, 3011, 78, 75, 958, 1659, 1929]
[17980, 24413, 42, 77, 1436, 15500, 40, 18, 2111, 593, 4985]
[19881, 1311, 83, 90, 619, 3504, 57, 19, 2191, 2312, 4830]
[3122, 12815, 35, 80, 3948, 5809, 19, 62, 842, 1894, 2583]
[10916, 49259, 18, 60, 3598, 18290, 42, 75, 1018, 1957, 3548]
[21108, 7062, 31, 88, 3100, 1798, 8, 6, 2111, 2395, 2805]
[48110, 39596, 45, 62, 3705, 10765, 56, 13, 631, 2370, 2894]
[39916, 30375, 19, 37, 2262, 20744, 74, 93, 1460, 1855, 3052]
[17479, 12507, 74, 31, 3017, 7027, 36, 51, 666, 2179, 2745]
[6359, 49867, 62, 16, 3276, 7952, 54, 44, 584, 1170, 2360]
[21257, 52452, 79, 43, 2513, 11455, 17, 74, 1752, 1685, 4902]
[39557, 6532, 36, 33, 666, 8487, 56, 14, 1048, 1628, 1885]
[48286, 5423, 7, 86, 581, 10029, 50, 68, 1460, 2266, 2226]
[7114, 33361, 46, 14, 4671, 6176, 27, 24, 789, 2182, 2904]
[20529, 7504, 95, 70, 2904, 4638, 31, 23, 1617, 2364, 4554]
[2581, 51601, 45, 84, 2182, 6337, 43, 60, 1600, 823, 1793]
[47346, 56998, 90, 36, 2569, 2610, 92, 62, 2155, 1380, 3844]
[16898, 35979, 61, 73, 4213, 856, 55, 48, 851, 1028, 3584]
[2099, 52474, 87, 58, 654, 2542, 93, 50, 1687, 783, 4026]
[8700, 9576, 38, 40, 3758, 18983, 56, 27, 1754, 682, 2551]
[32350, 990, 27, 72, 3098, 16913, 88, 61, 2404, 1905, 4212]
[48434, 15293, 35, 45, 4555, 16190, 33, 96, 1344, 1190, 3890]
[40561, 59937, 98, 88, 2754, 21681, 33, 11, 2387, 646, 4721]
[34034, 42789, 52, 25, 4691, 7179, 44, 43, 1918, 1113, 3857]
[24854, 11325, 94, 94, 4307, 19983, 15, 20, 2336, 1741, 3700]
[37936, 25220, 27, 24, 2552, 14483, 32, 77, 1973, 2051, 4799]
[3916, 32942, 92, 55, 3350, 13082, 70, 26, 1614, 1994, 1761]
[34852, 6424, 37, 85, 1327, 9266, 99, 15, 2464, 2496, 2164]
[51340, 40929, 89, 92, 1171, 15083, 35, 53, 2425, 2143, 3368]
[26533, 11297, 46, 61, 1534, 20894, 67, 32, 744, 1383, 4055]
[35499, 27253, 20, 89, 2920, 9598, 36, 53, 2035, 1645, 1611]
[12941, 35126, 61, 79, 672, 1509, 85, 82, 996, 2210, 2661]
[14040, 11828, 41, 23, 2142, 9453, 44, 79, 2051, 1013, 4394]
[29755, 52344, 26, 74, 3424, 16582, 58, 20, 2075, 927, 3931]
[58101, 25617, 31, 41, 1385, 1291, 20, 77, 2030, 527, 3828]
[19925, 44665, 97, 88, 1618, 2963, 69, 52, 1672, 2149, 2869]
[29150, 33466, 91, 50, 3151, 527, 20, 61, 1970, 1420, 3029]
[20475, 35843, 56, 48, 4532, 4205, 87, 53, 1283, 917, 3876]
[753, 18694, 86, 81, 4685, 7016, 64, 81, 2209, 1558, 3270]
[49300, 47170, 44, 94, 1895, 15225, 84, 90, 1587, 904, 3067]
[34984, 730, 91, 54, 3988, 13779, 48, 84, 1696, 2495, 4600]
[46342, 59345, 100, 13, 4536, 8614, 86, 88, 1095, 1789, 1680]
[27173, 47770, 85, 24, 3754, 9355, 27, 14, 2169, 2089, 4074]
[1163, 23401, 38, 95, 3868, 18333, 43, 24, 1446, 2205, 2657]
[32255, 11616, 64, 70, 871, 9374, 70, 17, 2025, 1709, 3325]
[5071, 23776, 13, 89, 4124, 1146, 26, 69, 1954, 2437, 2257]
[45749, 6598, 56, 86, 2759, 20324, 43, 31, 1581, 925, 2566]
[58566, 22385, 39, 13, 1113, 17644, 89, 52, 1458, 1547, 3879]
[48782, 3759, 26, 43, 2709, 12160, 83, 99, 975, 1303, 3893]
[26695, 11795, 66, 38, 3200, 7784, 38, 83, 1947, 1000, 4301]
[2501, 56321, 84, 56, 3093, 14648, 36, 39, 888, 648, 4158]
[48493, 11354, 79, 61, 1713, 20365, 38, 63, 1578, 832, 2162]
[51517, 9550, 96, 61, 3458, 10650, 56, 35, 737, 1970, 2439]
[47586, 45156, 44, 13, 1371, 7958, 55, 46, 1508, 2401, 2004]
[12739, 3447, 12, 81, 690, 7596, 92, 9, 1512, 1941, 3759]
[53905, 47945, 83, 61, 3305, 9497, 20, 83, 1918, 853, 1985]
[15053, 26695, 34, 68, 4184, 12882, 26, 34, 982, 2179, 2756]
[30815, 36349, 79, 54, 2235, 15301, 96, 38, 1176, 1516, 4026]
[7770, 14514, 15, 10, 626, 671, 66, 45, 2320, 1284, 3971]
[19322, 13337, 56, 25, 1747, 1498, 6, 54, 797, 2294, 4318]
[36058, 4243, 77, 53, 2582, 4759, 15, 64, 1835, 2220, 2837]
[59881, 1446, 9, 73, 998, 17700, 21, 10, 2411, 1060, 4793]
[8196, 28844, 16, 29, 726, 16872, 86, 21, 2024, 1071, 4408]
[54051, 55918, 29, 89, 4166, 13269, 47, 85, 1048, 2485, 2659]
[42548, 42155, 36, 36, 993, 19765, 80, 27, 1216, 1377, 4074]
[46247, 37217, 86, 71, 998, 12074, 75, 57, 1602, 908, 4509]
[58178, 35653, 59, 89, 1074, 9252, 100, 83, 1976, 2491, 4676]
