[38, 15, 14, 9, 7, 97, 11, 15, 12, 10, 399] -0.1261280771022854
[108, 51, 20, 10, 53, 14, 1, 14, 24, 29, 89] 0.339954683145164
[13, 69, 16, 4, 86, 11, 10, 12, 10, 34, 73] 0.25616782497537016
[73, 88, 11, 8, 71, 24, 19, 7, 39, 30, 379] 0.1873238508609673
[10, 88, 9, 5, 3, 82, 7, 14, 21, 25, 97] 0.1611117395399482
[76, 106, 8, 6, 77, 8, 3, 16, 45, 40, 426] 0.46618712189933054
[6, 114, 4, 20, 92, 25, 8, 10, 39, 37, 308] 0.1841431882994487
[80, 120, 7, 7, 22, 75, 8, 3, 43, 24, 212] 0.22282549274128668
[65, 95, 18, 9, 76, 93, 17, 8, 12, 29, 204] 0.19662701951901862
[17, 97, 4, 1, 8, 21, 16, 6, 30, 36, 226] 0.0394138912626713
[2, 87, 5, 3, 78, 33, 6, 5, 29, 32, 236] 0.07130805108383817
[77, 14, 18, 11, 73, 13, 18, 6, 42, 17, 168] -0.16349223147209974
[72, 106, 12, 16, 76, 66, 11, 9, 38, 45, 155] 0.25676706998950055
[110, 10, 13, 16, 77, 95, 17, 14, 28, 44, 334] 0.02629903623504378
[7, 8, 17, 8, 44, 61, 6, 18, 41, 46, 330] -0.3489946631515335
[26, 64, 14, 20, 21, 106, 14, 18, 38, 46, 198] -0.22699729632065768
[51, 62, 20, 11, 31, 25, 18, 16, 40, 42, 216] 0.19981966054244651
[21, 23, 10, 15, 37, 83, 19, 14, 20, 29, 155] 0.060888146473681494
[102, 58, 19, 1, 104, 116, 2, 9, 18, 13, 177] -0.11848824301824665
[19, 2, 16, 2, 8, 98, 11, 15, 45, 34, 173] -0.04068684571290526
[85, 1, 1, 18, 46, 3, 1, 14, 42, 29, 475] 0.053810451171046395
[12, 61, 5, 14, 69, 109, 8, 17, 18, 47, 166] 0.1417854649518045
[107, 82, 16, 4, 58, 93, 1, 11, 30, 40, 160] -0.253120849296843
[29, 9, 3, 1, 113, 104, 20, 14, 23, 48, 304] 0.3603418592146019
[30, 89, 8, 14, 83, 99, 18, 4, 25, 49, 179] 0.21070078432168216
[109, 51, 4, 10, 77, 14, 1, 1, 24, 29, 89] 0.04454859915529179
[29, 9, 3, 1, 113, 41, 1, 4, 34, 48, 304] -0.07996908976407625
[19, 88, 11, 8, 71, 24, 19, 15, 45, 34, 173] 0.22554914393560685
[72, 106, 12, 16, 76, 66, 11, 14, 38, 45, 155] 0.2526530234430424
[108, 51, 20, 10, 104, 116, 2, 9, 24, 29, 89] 0.18377219117852753
[65, 95, 12, 9, 76, 93, 17, 8, 12, 29, 204] 0.3000432502914712
[13, 69, 16, 4, 83, 99, 10, 12, 10, 34, 73] 0.30167510890559895
[10, 106, 8, 6, 3, 82, 7, 14, 21, 25, 97] 0.21435515837608995
[3, 10, 13, 16, 77, 95, 10, 6, 28, 44, 334] -0.02805568881873572
[29, 9, 3, 1, 31, 25, 18, 16, 40, 48, 304] 0.23710390140179613
[76, 106, 8, 6, 87, 8, 3, 16, 29, 23, 426] 0.3180554212122668
[30, 89, 8, 14, 83, 99, 20, 14, 25, 49, 179] 0.13446386610026956
[73, 2, 16, 2, 8, 98, 11, 7, 39, 30, 379] 0.07112854986175866
[85, 1, 1, 18, 46, 3, 1, 9, 42, 29, 475] -0.017933096239042833
[102, 58, 19, 1, 53, 14, 1, 14, 18, 13, 177] -0.5884033073071772
[72, 106, 18, 16, 76, 66, 11, 9, 38, 45, 155] 0.23632642776611917
[30, 89, 8, 14, 86, 11, 18, 4, 25, 49, 179] 0.051384606907602444
[76, 88, 9, 5, 77, 8, 3, 10, 45, 40, 426] 0.3204714452462162
[51, 62, 20, 11, 113, 104, 20, 14, 23, 42, 216] 0.16370988789549143
[12, 61, 5, 1, 113, 104, 8, 17, 18, 47, 166] 0.32014542774867466
[65, 95, 13, 5, 76, 93, 17, 17, 12, 29, 115] 0.19609715329838998
[72, 106, 8, 6, 77, 8, 3, 16, 38, 45, 155] 0.3946134668828346
[29, 9, 3, 14, 69, 109, 20, 14, 23, 48, 304] 0.320156424861628
[110, 10, 18, 9, 77, 95, 17, 14, 28, 44, 334] 0.19390188685001453
[76, 106, 12, 16, 76, 66, 11, 9, 45, 40, 426] 0.25852906986124996
[72, 9, 3, 1, 31, 25, 18, 16, 40, 45, 155] 0.17707273898829057
[76, 106, 9, 5, 77, 66, 11, 9, 45, 40, 426] 0.18640587149461674
[76, 106, 8, 16, 76, 66, 11, 9, 38, 45, 426] 0.2257923835787517
[72, 106, 12, 16, 76, 14, 1, 9, 38, 45, 155] 0.37388837843927103
[29, 9, 3, 1, 113, 104, 20, 12, 10, 34, 304] 0.36868375695706673
[29, 9, 3, 6, 77, 8, 3, 16, 45, 40, 304] 0.09250716723838934
[78, 88, 20, 5, 53, 8, 3, 10, 45, 40, 426] 0.4900200985395826
[65, 95, 12, 9, 76, 93, 17, 16, 40, 48, 204] 0.28772633218296556
[51, 62, 20, 17, 31, 25, 3, 16, 45, 40, 377] 0.15252582811505902
[13, 106, 8, 4, 83, 99, 10, 12, 10, 34, 73] 0.24131772282560404
[12, 61, 3, 1, 113, 104, 20, 14, 23, 47, 166] 0.4190502922717754
[72, 106, 8, 6, 77, 8, 11, 9, 38, 45, 155] -0.09705524526737391
[72, 106, 12, 16, 76, 109, 20, 14, 23, 45, 155] 0.12402431564209855
[29, 106, 8, 6, 77, 8, 3, 16, 38, 48, 304] 0.4895679342543397
[76, 88, 12, 16, 76, 8, 3, 10, 45, 40, 426] 0.3386888253799588
[72, 106, 18, 6, 87, 8, 3, 16, 29, 23, 155] 0.20747291906442722
[108, 51, 20, 10, 53, 66, 11, 14, 24, 29, 89] 0.12704193888684814
[13, 69, 16, 4, 86, 11, 6, 14, 23, 48, 73] 0.1329777708500356
[76, 106, 8, 14, 69, 109, 20, 14, 23, 48, 426] 0.1897668576602327
[108, 51, 9, 5, 77, 14, 1, 14, 24, 29, 89] -0.13894054389651705
[29, 89, 8, 1, 31, 25, 8, 8, 12, 29, 304] 0.02079046775127656
[76, 106, 8, 6, 77, 8, 18, 16, 40, 42, 426] 0.043277186862315936
[76, 69, 16, 6, 87, 8, 3, 16, 29, 23, 426] -0.10027687703863648
[8, 9, 9, 1, 113, 64, 8, 17, 18, 48, 304] 0.17658418369531984
[72, 106, 18, 16, 76, 66, 3, 16, 38, 45, 155] -0.021036629552953573
[51, 106, 8, 6, 77, 14, 1, 9, 38, 45, 143] 0.30580930501846787
[29, 61, 3, 1, 113, 104, 20, 14, 23, 48, 304] 0.2562708172430924
[108, 51, 20, 6, 77, 8, 3, 16, 24, 29, 89] 0.12281434280219933
[29, 9, 3, 6, 113, 104, 20, 12, 10, 34, 304] 0.3555461369335619
[76, 88, 20, 5, 53, 8, 3, 10, 45, 40, 426] 0.47760121428559515
[72, 61, 5, 1, 77, 33, 3, 16, 38, 36, 155] 0.25548017294565917
[76, 88, 9, 5, 77, 8, 3, 16, 45, 40, 426] 0.3567506887646118
[12, 106, 8, 6, 77, 8, 3, 16, 38, 48, 166] 0.4673351576099475
[72, 9, 3, 1, 113, 66, 11, 9, 38, 45, 155] 0.3769275742349309
[78, 88, 8, 6, 77, 8, 3, 10, 45, 40, 426] 0.3892528737277165
[72, 106, 12, 16, 76, 8, 3, 16, 38, 45, 155] 0.2939595042839264
[12, 9, 3, 1, 113, 104, 20, 14, 23, 47, 166] 0.35621536945881016
[76, 106, 8, 10, 53, 14, 1, 14, 45, 40, 426] 0.23011891996354072
[29, 106, 8, 1, 77, 8, 3, 16, 38, 48, 304] 0.4339307491151301
[78, 88, 9, 5, 77, 8, 3, 10, 45, 40, 426] 0.3378036891551799
[12, 106, 8, 6, 113, 104, 8, 17, 18, 47, 166] 0.20403265243655833
[76, 106, 8, 6, 77, 8, 3, 10, 45, 40, 426] 0.4277527508050156
[29, 61, 3, 1, 113, 104, 20, 14, 23, 47, 304] 0.23379780069156472
[29, 106, 12, 16, 76, 104, 20, 14, 23, 48, 304] 0.17087092613995408
[76, 106, 20, 5, 53, 8, 3, 16, 45, 40, 426] 0.5543974935520661
[29, 69, 16, 4, 113, 104, 20, 14, 23, 48, 304] 0.2342354145606003
[12, 61, 12, 9, 76, 93, 20, 14, 23, 47, 166] 0.3030360239367718
[13, 9, 3, 1, 83, 99, 10, 12, 10, 34, 73] 0.2791657140240159
[65, 95, 3, 1, 113, 104, 17, 16, 40, 48, 204] 0.1821349610583235
[29, 61, 3, 14, 69, 109, 20, 14, 23, 48, 304] 0.19114373236778026
[78, 88, 20, 5, 53, 8, 3, 16, 45, 40, 426] 0.5129449850488588
[44, 106, 8, 16, 77, 8, 19, 7, 45, 40, 376] -0.06292703108186096
[72, 106, 8, 6, 77, 8, 3, 16, 38, 40, 155] 0.2696888350641205
[29, 106, 8, 1, 77, 8, 6, 16, 45, 40, 304] 0.1701466756890417
[78, 75, 7, 6, 77, 8, 3, 10, 45, 40, 426] 0.35572955629801356
[29, 106, 2, 16, 77, 8, 3, 16, 38, 29, 304] 0.1875946401158237
[29, 18, 3, 1, 113, 104, 20, 12, 10, 35, 304] 0.35832927985349694
[29, 9, 8, 6, 77, 8, 20, 14, 23, 48, 304] -0.4496472696379926
[78, 51, 20, 10, 53, 14, 1, 14, 24, 40, 426] 0.06897899937388885
[76, 88, 20, 5, 53, 8, 3, 16, 45, 40, 426] 0.4598748543793877
[76, 88, 9, 5, 77, 8, 3, 10, 45, 45, 426] 0.3762943464654833
[29, 28, 8, 6, 77, 8, 3, 2, 38, 48, 98] 0.3102434586094995
