[107, 67, 15, 6, 81, 93, 6, 14, 44, 22, 326] -1.307503561046525
[25, 3, 1, 17, 77, 108, 10, 5, 31, 36, 215] -4.202840791140159
[4, 64, 1, 2, 69, 8, 11, 10, 44, 45, 384] -0.43036845353150666
[57, 61, 10, 18, 45, 58, 18, 14, 39, 34, 241] -0.9027890449145283
[73, 2, 19, 19, 45, 98, 10, 14, 17, 44, 265] -12.033273942690638
[1, 52, 6, 3, 20, 44, 1, 1, 40, 33, 119] -5.925082506489759
[22, 91, 8, 5, 17, 33, 14, 16, 40, 28, 49] -0.892230049117218
[20, 70, 6, 9, 99, 93, 13, 5, 22, 10, 74] -4.124844841859941
[75, 105, 15, 13, 40, 61, 8, 11, 21, 17, 70] -1.4334888630558906
[108, 111, 2, 17, 51, 17, 5, 7, 49, 36, 406] -0.5176309667061645
[42, 98, 18, 11, 66, 28, 11, 13, 49, 42, 434] -0.26471088764019063
[11, 30, 2, 17, 36, 54, 9, 16, 31, 24, 387] -4.303174991653707
[22, 107, 11, 5, 46, 108, 13, 15, 40, 29, 14] -1.123305164108028
[120, 25, 12, 18, 115, 9, 18, 11, 17, 36, 52] -8.14850341331426
[39, 63, 5, 18, 53, 21, 1, 12, 38, 13, 255] -1.441094327483677
[97, 8, 4, 9, 2, 9, 8, 4, 44, 47, 238] 0.28853612487731356
[21, 44, 17, 8, 19, 25, 1, 18, 25, 31, 135] -0.8781834939205478
[45, 34, 17, 1, 64, 79, 2, 9, 32, 33, 324] -1.9594286829328507
[94, 80, 1, 17, 3, 77, 20, 3, 46, 22, 232] 0.11596345845345879
[40, 49, 17, 10, 88, 20, 16, 12, 50, 28, 415] -1.1000169143852745
[15, 38, 19, 2, 100, 101, 12, 5, 36, 44, 246] -3.6992280790940795
[27, 21, 19, 16, 21, 10, 10, 1, 19, 38, 266] -0.9561106727736056
[82, 95, 12, 12, 63, 27, 18, 14, 29, 16, 45] -0.6622148544294946
[91, 50, 1, 11, 82, 51, 20, 8, 50, 16, 87] -0.5033787292875616
[23, 22, 14, 17, 23, 61, 8, 2, 15, 29, 31] -8.128105640424192
[91, 50, 1, 11, 82, 2, 20, 8, 21, 40, 87] -0.1883658402808919
[97, 8, 1, 17, 3, 77, 20, 3, 44, 47, 238] -0.29574855636246133
[82, 95, 12, 12, 63, 27, 16, 12, 29, 16, 45] -3.4989616193562036
[21, 44, 19, 2, 100, 101, 12, 5, 25, 31, 135] -4.344000528414527
[107, 67, 15, 17, 51, 17, 5, 7, 44, 22, 326] -9.033613363625731
[45, 34, 16, 2, 69, 103, 5, 14, 32, 33, 324] -2.061323325390248
[42, 98, 18, 11, 66, 28, 11, 7, 49, 36, 434] -3.453194209247186
[57, 61, 10, 18, 46, 108, 13, 14, 39, 34, 241] -0.9528401676932471
[94, 80, 1, 17, 88, 20, 16, 12, 50, 28, 232] -0.35904861293044366
[15, 38, 19, 2, 100, 101, 12, 5, 32, 33, 246] -3.9709511619567293
[4, 64, 1, 2, 69, 8, 18, 14, 29, 45, 384] -0.555394738083334
[11, 30, 4, 9, 36, 54, 9, 16, 31, 24, 387] -3.753489595840424
[75, 105, 15, 13, 40, 61, 8, 11, 50, 16, 70] -0.9248491527449075
[94, 80, 4, 9, 2, 9, 8, 4, 46, 22, 232] 0.2711679139507085
[40, 49, 17, 10, 88, 59, 18, 14, 50, 28, 415] -2.687529020933682
[15, 38, 17, 8, 19, 25, 1, 18, 36, 44, 246] -0.6327109548313645
[108, 111, 2, 6, 81, 93, 6, 14, 49, 36, 406] -0.8883452748350903
[4, 64, 1, 1, 64, 79, 11, 10, 44, 45, 384] -1.9372613314227292
[108, 111, 2, 17, 51, 17, 5, 13, 49, 42, 406] -0.5291256955794446
[22, 107, 11, 5, 45, 58, 18, 15, 40, 29, 14] -1.929917008730143
[59, 49, 17, 10, 3, 77, 20, 3, 46, 22, 415] -0.4702832137717132
[45, 34, 17, 1, 64, 79, 2, 9, 36, 44, 324] -1.7906618729341894
[82, 95, 12, 17, 63, 27, 11, 10, 47, 16, 45] -0.5681194155815383
[97, 8, 2, 17, 2, 9, 8, 4, 44, 17, 238] 0.4020539584417695
[82, 98, 18, 11, 66, 27, 18, 14, 29, 16, 45] -10.027990061126054
[52, 111, 4, 17, 51, 17, 5, 13, 19, 22, 273] -0.7996463183992114
[94, 80, 1, 17, 88, 20, 20, 3, 44, 28, 232] -0.24875148018901588
[91, 80, 1, 17, 3, 2, 20, 8, 21, 40, 87] 0.12505634777093533
[82, 98, 18, 11, 66, 28, 11, 14, 29, 16, 45] -7.176578608540001
[94, 80, 4, 9, 2, 9, 8, 4, 44, 47, 232] 0.18005358656272683
[4, 64, 1, 2, 51, 8, 11, 10, 44, 45, 384] -0.4551630485579371
[97, 98, 18, 11, 66, 28, 11, 13, 49, 42, 238] -3.621705315582786
[91, 50, 1, 11, 69, 8, 11, 10, 44, 45, 87] -0.32455924069730185
[94, 80, 4, 9, 2, 9, 6, 14, 49, 22, 232] 0.3410363412376139
[97, 8, 1, 10, 3, 77, 20, 3, 46, 47, 238] -0.3404442905680774
[97, 8, 4, 9, 2, 9, 8, 4, 44, 17, 238] 0.3411133415087489
[54, 95, 12, 12, 78, 51, 16, 12, 21, 28, 232] -2.323373089882775
[27, 21, 19, 16, 21, 10, 10, 1, 49, 42, 266] -2.2965459289363053
[97, 8, 1, 17, 3, 77, 16, 12, 50, 47, 238] -0.07009636830103974
[94, 50, 1, 11, 82, 77, 20, 3, 46, 22, 232] -0.5957405427863919
[42, 95, 12, 12, 63, 27, 18, 13, 49, 42, 434] -0.5183756422078061
[97, 8, 4, 9, 2, 9, 8, 4, 46, 22, 238] 0.3977593667574125
[108, 111, 2, 17, 69, 17, 5, 7, 49, 36, 406] -0.6437011139116758
[42, 8, 2, 17, 2, 9, 8, 4, 44, 17, 434] 0.1266635056664075
[4, 7, 1, 2, 82, 2, 20, 8, 21, 40, 182] -0.9726594615194377
[108, 111, 2, 6, 81, 93, 8, 4, 46, 36, 406] -0.9270671433506879
[59, 49, 17, 17, 3, 77, 20, 3, 44, 22, 415] -1.1496534117461956
[53, 50, 2, 17, 2, 9, 8, 4, 44, 47, 238] 0.04796970238552154
[82, 80, 1, 17, 88, 20, 18, 14, 29, 16, 45] -0.5677358433888356
[22, 91, 8, 5, 17, 33, 14, 16, 25, 31, 49] -0.5143609790656851
[94, 80, 1, 10, 2, 9, 8, 4, 46, 22, 232] 0.37303914554255596
[94, 23, 2, 4, 2, 9, 9, 15, 44, 47, 232] 0.27068761811980724
[97, 8, 4, 9, 2, 9, 8, 4, 21, 40, 238] 0.3421135988469493
[94, 80, 2, 17, 2, 9, 8, 4, 44, 17, 232] 0.40620790555415004
[42, 98, 18, 11, 66, 28, 11, 4, 44, 47, 434] -1.2627037955319338
[94, 80, 1, 17, 88, 20, 16, 12, 44, 17, 232] -0.4804349399880047
[94, 80, 4, 9, 82, 9, 6, 14, 49, 22, 232] -0.47711177343291644
[94, 8, 2, 2, 2, 9, 20, 3, 46, 36, 232] 0.15846388596182406
[94, 8, 2, 17, 2, 9, 8, 4, 46, 22, 232] 0.4102775434739366
[42, 80, 4, 9, 2, 9, 8, 4, 44, 17, 434] 0.004080603369869998
[17, 50, 2, 17, 86, 5, 8, 4, 44, 47, 481] -3.100639100625125
[91, 80, 1, 17, 28, 2, 20, 8, 44, 47, 138] -0.13356730158282806
[97, 8, 1, 17, 3, 77, 20, 3, 46, 22, 238] 0.09466866177342088
[97, 8, 4, 9, 2, 9, 8, 13, 49, 42, 238] 0.31874160275976726
[97, 8, 4, 9, 2, 9, 8, 4, 50, 28, 238] 0.30443481767265124
[91, 50, 1, 11, 2, 2, 20, 8, 21, 40, 87] -0.03057091855399906
[94, 80, 1, 1, 16, 20, 20, 3, 44, 28, 286] -0.17303995979589887
[97, 80, 1, 17, 3, 77, 8, 4, 44, 17, 238] 0.22390850502635118
[97, 80, 4, 9, 2, 9, 8, 4, 44, 17, 238] 0.3107137974462789
[91, 80, 1, 17, 3, 77, 20, 8, 21, 40, 87] -0.6211463892337661
[42, 8, 4, 9, 2, 9, 8, 4, 44, 17, 434] 0.13885029749736802
[94, 80, 1, 17, 3, 2, 20, 3, 46, 22, 232] 0.25939526690372977
[97, 8, 2, 13, 2, 40, 8, 6, 44, 11, 238] 0.4123071240211472
[4, 64, 1, 2, 27, 8, 11, 10, 44, 45, 391] -0.057051162801343286
[94, 80, 1, 17, 88, 20, 8, 4, 46, 28, 232] -0.7990178956476783
[97, 8, 4, 9, 2, 9, 8, 4, 21, 42, 238] 0.330532815671115
[97, 8, 1, 9, 2, 9, 8, 4, 46, 22, 238] 0.4356022532592022
[97, 80, 4, 9, 2, 40, 8, 4, 44, 17, 238] 0.26419255166166583
[97, 8, 4, 9, 2, 9, 9, 4, 44, 17, 238] 0.40156884593470693
[97, 8, 4, 9, 2, 9, 8, 4, 46, 42, 238] 0.3104032177592517
[94, 80, 1, 10, 2, 9, 8, 4, 50, 22, 232] 0.42786608882727395
[36, 8, 2, 4, 2, 48, 8, 6, 44, 46, 238] -0.6928665156156188
[97, 80, 1, 17, 3, 77, 5, 4, 44, 17, 238] 0.3110461872996563
[97, 8, 4, 9, 2, 9, 8, 13, 49, 40, 238] 0.30376940195630975
[94, 80, 4, 10, 2, 9, 8, 4, 46, 22, 232] 0.2820878442403471
[70, 8, 2, 13, 2, 11, 8, 1, 44, 11, 238] 0.3352406053500713
[94, 23, 2, 4, 2, 9, 8, 15, 44, 47, 232] 0.2718629700313706
[97, 103, 2, 18, 2, 9, 8, 4, 44, 17, 238] 0.3694905964886564
[97, 8, 4, 9, 2, 9, 8, 13, 49, 22, 238] 0.4027985089429782
[97, 8, 4, 9, 2, 9, 8, 4, 46, 28, 238] 0.39423566336343746
[94, 23, 2, 13, 2, 9, 9, 15, 44, 47, 232] 0.2671881626899161
