[9305, 37803, 13, 37, 8227, 32968, 62, 65, 1834, 1277, 1819]
[6651, 32472, 8, 54, 28861, 40309, 5, 94, 1412, 1045, 1974]
[39241, 7199, 45, 8, 1962, 2167, 88, 74, 518, 2423, 3222]
[45489, 14695, 59, 97, 2403, 35078, 33, 61, 2423, 1515, 4629]
[15775, 23155, 34, 91, 14838, 50369, 63, 42, 2397, 544, 3509]
[55391, 36967, 87, 17, 12683, 41745, 97, 42, 747, 2021, 2825]
[59192, 47783, 96, 69, 28163, 33773, 90, 29, 1121, 1081, 4913]
[58334, 33226, 69, 55, 39100, 56421, 9, 66, 997, 2023, 3411]
[27652, 44064, 27, 51, 36466, 58350, 94, 91, 2011, 1267, 808]
[29267, 44000, 70, 18, 51516, 11228, 71, 55, 1258, 1502, 342]
[31257, 3349, 44, 95, 56094, 40792, 80, 79, 1306, 1825, 1495]
[11548, 33414, 34, 6, 50997, 13575, 74, 75, 975, 1328, 4308]
[23032, 56039, 78, 50, 30589, 18147, 89, 75, 1747, 2460, 146]
[25645, 51857, 99, 70, 53527, 8970, 71, 76, 920, 1372, 559]
[32029, 57516, 51, 77, 36833, 13596, 69, 57, 1493, 2165, 3022]
[27659, 23180, 5, 73, 35896, 41361, 83, 47, 1438, 1728, 329]
[53228, 15547, 86, 27, 36594, 38803, 28, 16, 2135, 1628, 2191]
[2627, 55664, 91, 14, 5954, 57390, 7, 62, 529, 2044, 2403]
[16855, 18105, 19, 84, 12598, 23072, 42, 13, 842, 826, 2190]
[35062, 11519, 89, 39, 42980, 47134, 42, 63, 1938, 1159, 4167]
[31549, 7983, 8, 44, 25833, 23001, 58, 29, 1029, 722, 2176]
[59470, 48351, 70, 31, 40191, 28788, 7, 33, 536, 1313, 1299]
[2815, 47609, 25, 62, 46677, 33681, 91, 59, 1615, 2204, 1907]
[41838, 52785, 93, 71, 30046, 15127, 72, 88, 562, 1308, 4817]
[53150, 21553, 89, 85, 28437, 4352, 99, 43, 757, 2482, 1837]
[57879, 3609, 44, 14, 56763, 5509, 44, 43, 2023, 824, 3509]
[37523, 17038, 21, 6, 37247, 58087, 9, 80, 2178, 945, 4771]
[30702, 11740, 95, 84, 33849, 2952, 53, 30, 1210, 702, 1785]
[38077, 44681, 60, 80, 13221, 32766, 18, 90, 1298, 1106, 4229]
[33254, 1627, 46, 83, 57622, 26866, 41, 7, 821, 911, 2784]
[53658, 37419, 22, 48, 28630, 14461, 39, 91, 697, 2215, 3206]
[36389, 23034, 92, 73, 32252, 50828, 73, 35, 633, 1985, 430]
[6049, 9217, 26, 26, 35772, 14457, 39, 47, 1729, 1536, 2191]
[24624, 22706, 48, 19, 19585, 15913, 82, 96, 2317, 1501, 1208]
[38508, 36621, 18, 46, 3064, 27146, 14, 53, 2273, 2114, 1306]
[54796, 8693, 48, 19, 40816, 38996, 53, 14, 1668, 1626, 1932]
[37591, 5857, 39, 51, 58877, 19869, 77, 73, 2394, 734, 3850]
[59270, 18665, 18, 10, 54748, 19881, 6, 83, 1873, 529, 851]
[27601, 8043, 10, 29, 16204, 51979, 80, 58, 831, 736, 3793]
[11469, 45122, 35, 25, 49259, 55879, 18, 60, 2365, 2475, 3198]
[53353, 36081, 42, 75, 17107, 47136, 66, 45, 705, 925, 2700]
[3096, 2286, 6, 42, 48110, 39596, 45, 62, 1301, 1141, 3364]
[4626, 4706, 45, 81, 30375, 7798, 37, 32, 2107, 1765, 4547]
[57359, 45601, 65, 89, 23819, 17479, 28, 74, 925, 1129, 1731]
[16646, 24123, 15, 40, 6359, 49867, 62, 16, 1835, 1676, 2876]
[15404, 26090, 44, 10, 21946, 12742, 45, 79, 2329, 2386, 2580]
[16611, 22410, 17, 74, 40568, 38444, 81, 16, 1001, 950, 266]
[53470, 16475, 56, 14, 18067, 36623, 14, 98, 653, 544, 181]
[19559, 49699, 50, 68, 31225, 57034, 24, 17, 1526, 2092, 2787]
[5553, 33875, 90, 27, 12268, 51369, 24, 23, 2182, 2272, 2719]
[20529, 7504, 95, 70, 55202, 39945, 42, 21, 2330, 923, 1260]
[36249, 47858, 9, 45, 54307, 59684, 84, 91, 2357, 1632, 1782]
[12175, 20090, 60, 73, 10847, 3682, 96, 90, 1006, 1017, 627]
[45200, 29774, 60, 75, 16898, 35979, 61, 73, 1428, 522, 3341]
[55307, 22695, 26, 38, 32336, 2099, 87, 58, 2499, 1668, 254]
[4584, 45831, 50, 79, 9562, 39398, 21, 22, 1030, 2197, 2368]
[26570, 37467, 56, 27, 40637, 6348, 34, 67, 515, 863, 4431]
[21290, 33326, 88, 61, 45491, 42384, 98, 33, 988, 1140, 4155]
[45519, 31880, 33, 96, 27516, 22582, 76, 83, 2357, 1991, 2354]
[42863, 14883, 11, 14, 50516, 34034, 87, 52, 826, 1547, 1769]
[20934, 20076, 93, 43, 56139, 36696, 52, 26, 1936, 1936, 3907]
[39466, 6068, 20, 82, 34182, 37936, 53, 27, 819, 1013, 3595]
[14761, 37823, 97, 11, 32942, 45171, 55, 96, 1804, 1212, 3245]
[34254, 55908, 26, 74, 48334, 3167, 72, 16, 2154, 1022, 927]
[18032, 48793, 15, 22, 51340, 40929, 89, 92, 1934, 667, 3745]
[56269, 16293, 53, 60, 26533, 11297, 46, 61, 758, 1774, 4097]
[14394, 8311, 60, 81, 35499, 27253, 20, 89, 1105, 1068, 2133]
[25328, 49624, 76, 5, 12941, 35126, 61, 79, 543, 563, 2084]
[55244, 17565, 31, 27, 19163, 10226, 74, 30, 1059, 1137, 4898]
[50138, 16941, 92, 62, 52344, 56942, 26, 74, 1231, 1505, 3540]
[56579, 8482, 31, 78, 58101, 25617, 31, 41, 2160, 721, 297]
[8237, 37810, 100, 6, 36235, 19925, 91, 97, 2493, 1829, 1218]
[5427, 33292, 52, 78, 53287, 20898, 60, 69, 1887, 1230, 4428]
[21713, 555, 20, 61, 47552, 29961, 49, 44, 1604, 1317, 2880]
[51820, 48415, 92, 78, 32763, 7911, 87, 53, 1283, 917, 4662]
[753, 18694, 86, 81, 47835, 58280, 99, 98, 1546, 907, 3881]
[39876, 55195, 71, 57, 49300, 47170, 44, 94, 848, 1420, 4449]
[13434, 24055, 72, 5, 44969, 26004, 79, 59, 2487, 1329, 2852]
[56942, 41238, 79, 98, 46342, 59345, 100, 13, 1509, 2027, 2128]
[42466, 43016, 42, 85, 1861, 27173, 97, 85, 819, 1797, 3354]
[51780, 18211, 27, 14, 53933, 51361, 82, 6, 1215, 2369, 2267]
[52817, 46900, 57, 92, 36167, 20401, 24, 64, 2205, 1031, 4069]
[11616, 31112, 70, 10, 18248, 33941, 17, 100, 1709, 1365, 671]
[23776, 4890, 89, 61, 1793, 11256, 69, 95, 2437, 831, 862]
[26840, 42179, 93, 40, 40148, 20449, 31, 72, 925, 985, 2835]
[18133, 4992, 14, 94, 54939, 34788, 89, 52, 1458, 1547, 4668]
[48782, 3759, 26, 43, 43299, 48674, 96, 76, 1052, 1228, 2001]
[26226, 37268, 56, 27, 32194, 52258, 38, 83, 1175, 1966, 1921]
[17458, 40473, 95, 36, 55798, 43808, 8, 84, 1324, 1148, 3637]
[50411, 16780, 39, 29, 5253, 41518, 98, 26, 2283, 2492, 4844]
[29570, 38604, 98, 23, 40231, 17669, 63, 72, 832, 783, 1231]
[59080, 47407, 61, 51, 20800, 49742, 56, 35, 737, 1970, 1789]
[47586, 45156, 44, 13, 7472, 15417, 55, 46, 1508, 2401, 918]
[12739, 3447, 12, 81, 2025, 58753, 32, 92, 571, 1512, 4429]
[53905, 47945, 83, 61, 22942, 43945, 40, 20, 1755, 1918, 1514]
[6741, 15053, 56, 34, 32941, 29979, 53, 26, 2493, 974, 2031]
[54249, 19088, 64, 75, 38506, 26032, 32, 62, 1964, 1028, 2804]
[33027, 39403, 19, 32, 5667, 3528, 6, 5, 2256, 1483, 2717]
[58750, 25609, 79, 41, 13337, 26709, 25, 87, 811, 2125, 349]
[1494, 25880, 23, 90, 36058, 4243, 77, 53, 1020, 766, 751]
