[47652, 37803, 13, 37, 620, 32968, 62, 65, 2284, 1277, 1819]
[46325, 32472, 8, 54, 943, 40309, 5, 94, 1862, 1045, 1974]
[46599, 59575, 45, 8, 522, 2167, 88, 74, 968, 2423, 3222]
[50347, 28163, 97, 8, 1040, 15028, 61, 68, 2082, 977, 2931]
[50815, 44857, 33, 63, 796, 1908, 58, 76, 2265, 704, 1622]
[52962, 8422, 100, 47, 1238, 47108, 69, 59, 1989, 2199, 1655]
[53190, 19122, 80, 68, 1017, 26278, 80, 9, 1933, 997, 3411]
[56826, 44064, 27, 51, 1061, 58350, 94, 91, 2461, 1267, 808]
[57633, 44000, 70, 18, 667, 34640, 55, 52, 1952, 2000, 342]
[58628, 3349, 44, 95, 1129, 39374, 79, 55, 2275, 848, 1481]
[59707, 15372, 6, 30, 1052, 56879, 75, 34, 1778, 1552, 2916]
[54826, 30589, 39, 89, 1061, 40407, 98, 5, 1735, 2104, 4298]
[47485, 34492, 76, 31, 936, 4178, 66, 51, 2117, 1635, 1737]
[59788, 27592, 67, 50, 924, 23180, 5, 73, 2056, 1776, 2812]
[58262, 39812, 8, 34, 1150, 12113, 75, 79, 1320, 2263, 850]
[51615, 2627, 91, 14, 585, 57390, 7, 62, 979, 2044, 2403]
[51427, 18105, 19, 84, 689, 23072, 42, 13, 1292, 826, 2190]
[48759, 43534, 39, 87, 1228, 19799, 63, 94, 1609, 1516, 3981]
[46991, 2048, 44, 54, 851, 28085, 29, 38, 1172, 1019, 4278]
[50101, 40191, 60, 7, 730, 1670, 55, 23, 1022, 1972, 1412]
[57853, 46677, 69, 91, 936, 36197, 33, 85, 2373, 1557, 3793]
[50563, 34834, 88, 8, 904, 44730, 78, 46, 2301, 1792, 3592]
[45176, 48829, 43, 21, 717, 57879, 11, 44, 1094, 2258, 726]
[53419, 20021, 100, 25, 926, 37523, 37, 21, 967, 1648, 410]
[50380, 59535, 77, 63, 675, 54758, 95, 84, 1992, 576, 3196]
[49816, 23236, 17, 31, 1087, 44681, 60, 80, 1347, 1508, 955]
[56031, 19903, 69, 68, 517, 21821, 83, 56, 1526, 537, 1385]
[49831, 56699, 46, 77, 638, 22722, 59, 32, 1495, 1881, 889]
[55676, 36389, 49, 92, 1047, 32252, 73, 35, 1083, 1985, 430]
[46024, 9217, 26, 26, 1051, 14457, 39, 47, 2179, 1536, 2191]
[55312, 22706, 48, 19, 798, 15913, 82, 96, 1951, 777, 4851]
[46666, 21519, 10, 57, 574, 25418, 23, 21, 1648, 734, 4912]
[55637, 5523, 78, 75, 729, 37591, 15, 39, 1697, 2324, 2521]
[46995, 30500, 40, 18, 546, 54748, 42, 6, 2206, 1873, 219]
[46254, 27601, 19, 10, 692, 16204, 80, 58, 1281, 736, 3793]
[48734, 45122, 35, 25, 605, 29014, 53, 74, 1552, 1626, 2175]
[58880, 21108, 17, 31, 1167, 21302, 10, 8, 971, 2111, 2521]
[53743, 29981, 55, 45, 908, 4626, 13, 45, 2181, 2486, 3834]
[46899, 16888, 32, 84, 1055, 57359, 93, 65, 2305, 1228, 2222]
[49253, 35994, 31, 44, 703, 16646, 51, 15, 1525, 683, 3769]
[46215, 43230, 78, 87, 847, 15404, 54, 44, 1034, 1170, 1630]
[53628, 52452, 79, 43, 751, 22410, 17, 74, 2202, 1685, 4982]
[46266, 16562, 33, 7, 749, 26830, 14, 39, 2078, 2276, 680]
[45711, 1909, 86, 6, 797, 49699, 50, 68, 1910, 2266, 1363]
[46557, 33361, 46, 14, 1021, 44097, 27, 27, 1256, 789, 2719]
[53264, 7504, 95, 70, 1116, 19734, 21, 31, 1240, 1617, 360]
[53606, 54307, 84, 91, 1066, 55597, 100, 93, 1370, 864, 2548]
[57426, 35725, 25, 11, 1231, 56998, 90, 36, 1467, 2092, 627]
[57887, 53469, 60, 75, 756, 35979, 61, 73, 1878, 522, 3341]
[54347, 11740, 38, 67, 524, 52474, 87, 58, 2118, 538, 610]
[54880, 38515, 22, 80, 628, 9576, 38, 40, 1764, 1655, 3385]
[48891, 40637, 16, 34, 997, 990, 27, 72, 1599, 1525, 3690]
[50646, 16122, 45, 68, 1203, 31880, 33, 96, 1794, 1190, 4690]
[52268, 42863, 33, 11, 573, 50516, 70, 87, 1705, 826, 4291]
[49929, 20934, 43, 93, 806, 56139, 75, 52, 1288, 1936, 3907]
[46034, 56616, 20, 82, 1026, 37936, 53, 27, 1269, 1013, 3595]
[50380, 37823, 97, 11, 1006, 45171, 55, 96, 2254, 1212, 3245]
[48650, 36166, 98, 10, 1036, 6424, 37, 85, 1156, 1047, 785]
[47808, 51340, 83, 89, 1203, 46401, 15, 61, 1443, 2489, 3232]
[57435, 26533, 26, 46, 948, 8779, 84, 67, 1384, 744, 3632]
[56626, 8239, 89, 42, 784, 16767, 53, 100, 2095, 508, 1655]
[57627, 38450, 7, 8, 1142, 40190, 36, 38, 1373, 854, 2432]
[48113, 36042, 30, 39, 818, 38886, 37, 92, 1864, 2120, 1476]
[54946, 32665, 58, 20, 713, 37891, 54, 31, 1531, 2160, 985]
[44041, 8237, 77, 100, 513, 36235, 42, 91, 2433, 2493, 1218]
[45713, 33292, 52, 78, 818, 29150, 69, 91, 1680, 2053, 4428]
[53856, 555, 20, 61, 1235, 29961, 49, 44, 2054, 1317, 2880]
[59381, 7911, 87, 53, 891, 13863, 76, 5, 1518, 1801, 5000]
[59993, 13533, 64, 81, 1029, 27301, 100, 96, 1575, 1939, 1495]
[57975, 41134, 90, 72, 702, 24055, 72, 5, 2339, 1297, 4846]
[57204, 27058, 48, 84, 1098, 48592, 94, 100, 1088, 1509, 2128]
[52781, 41766, 7, 57, 1238, 41739, 24, 86, 1763, 2102, 2313]
[49087, 50798, 14, 82, 510, 23401, 38, 95, 1792, 2289, 4558]
[53200, 10466, 64, 38, 996, 11616, 64, 70, 1042, 1054, 4280]
[46481, 49307, 80, 59, 571, 23776, 13, 89, 1856, 540, 1444]
[59868, 47046, 25, 93, 595, 26840, 86, 93, 1514, 1739, 2593]
[50094, 35109, 31, 35, 841, 18133, 13, 14, 2381, 2201, 4386]
[55315, 31166, 70, 76, 550, 11546, 43, 88, 2455, 1961, 4656]
[52089, 23821, 83, 99, 737, 26226, 76, 56, 1302, 1490, 2226]
[54051, 47427, 33, 38, 1124, 46813, 36, 89, 1012, 2244, 3398]
[53622, 28796, 36, 39, 694, 5253, 85, 98, 1289, 2283, 4844]
[57785, 38604, 98, 23, 1120, 17669, 63, 72, 1282, 783, 1231]
[57690, 24164, 44, 56, 746, 8091, 96, 31, 2421, 1895, 2602]
[45485, 7472, 34, 55, 829, 32767, 17, 28, 1042, 613, 4994]
[44012, 58753, 32, 92, 535, 32904, 95, 72, 2432, 2474, 3723]
[54471, 43945, 40, 20, 1127, 45892, 27, 17, 1404, 1318, 2010]
[59470, 29979, 53, 26, 737, 15949, 41, 64, 2070, 1687, 3291]
[50193, 30102, 96, 38, 838, 33027, 80, 19, 1387, 661, 478]
[43755, 52761, 5, 66, 827, 58750, 54, 79, 1538, 2381, 1704]
[56354, 10990, 87, 24, 531, 1494, 54, 23, 2311, 1611, 567]
[55685, 17157, 21, 15, 973, 43239, 43, 6, 1022, 1599, 598]
[47474, 3305, 40, 20, 942, 6466, 29, 8, 1973, 1805, 1167]
[52401, 45508, 29, 89, 958, 26039, 47, 85, 1498, 2485, 2228]
[51215, 16584, 12, 80, 1104, 11986, 49, 59, 2189, 1929, 4689]
[45242, 59813, 50, 75, 922, 35764, 30, 96, 2048, 1368, 674]
[52002, 49211, 83, 97, 574, 16987, 27, 17, 1259, 620, 1765]
[57278, 56347, 10, 11, 1152, 6478, 70, 65, 1976, 1258, 913]
[53496, 3129, 21, 73, 533, 29555, 90, 21, 1759, 2063, 3754]
[44056, 48775, 72, 39, 592, 16884, 46, 15, 1568, 570, 3247]
[45155, 48512, 38, 45, 633, 17559, 53, 19, 2338, 1122, 870]
