[107, 67, 15, 6, 81, 93, 6, 14, 44, 22, 326] -1.1770550473639265
[25, 3, 1, 17, 77, 108, 10, 5, 31, 36, 215] -4.9039232646969255
[4, 64, 1, 2, 69, 8, 11, 10, 44, 45, 384] -0.11732063115014851
[57, 61, 10, 18, 45, 58, 18, 14, 39, 34, 241] -0.6998305186475928
[73, 2, 19, 19, 45, 98, 10, 14, 17, 44, 265] -9.984747975788062
[1, 52, 6, 3, 20, 44, 1, 1, 40, 33, 119] -1.9629456962923868
[22, 91, 8, 5, 17, 33, 14, 16, 40, 28, 49] -0.5172069259688726
[20, 70, 6, 9, 99, 93, 13, 5, 22, 10, 74] -2.0332165688036836
[75, 105, 15, 13, 40, 61, 8, 11, 21, 17, 70] -0.8170175458251819
[108, 111, 2, 17, 51, 17, 5, 7, 49, 36, 406] 0.03413278806673726
[42, 98, 18, 11, 66, 28, 11, 13, 49, 42, 434] -0.3437487993464757
[11, 30, 2, 17, 36, 54, 9, 16, 31, 24, 387] -1.5833581720381789
[22, 107, 11, 5, 46, 108, 13, 15, 40, 29, 14] -0.8614858790103512
[120, 25, 12, 18, 115, 9, 18, 11, 17, 36, 52] -0.9793210811569908
[39, 63, 5, 18, 53, 21, 1, 12, 38, 13, 255] -0.9166186219266
[97, 8, 4, 9, 2, 9, 8, 4, 44, 47, 238] 0.07362708859010196
[21, 44, 17, 8, 19, 25, 1, 18, 25, 31, 135] -0.8833632076833257
[45, 34, 17, 1, 64, 79, 2, 9, 32, 33, 324] -1.4673348483353856
[94, 80, 1, 17, 3, 77, 20, 3, 46, 22, 232] 0.3303945079151344
[40, 49, 17, 10, 88, 20, 16, 12, 50, 28, 415] -1.1000987725433435
[15, 38, 19, 2, 100, 101, 12, 5, 36, 44, 246] -3.877476905763902
[27, 21, 19, 16, 21, 10, 10, 1, 19, 38, 266] -0.7859964759065327
[82, 95, 12, 12, 63, 27, 18, 14, 29, 16, 45] -0.45601974289685765
[91, 50, 1, 11, 82, 51, 20, 8, 50, 16, 87] -0.2699124497390926
[23, 22, 14, 17, 23, 61, 8, 2, 15, 29, 31] -2.932547426200754
[91, 50, 1, 11, 82, 2, 20, 8, 21, 40, 87] 0.17992115555623872
[97, 8, 1, 17, 3, 77, 20, 3, 44, 47, 238] -0.32290009494737715
[82, 95, 12, 12, 63, 27, 1, 12, 29, 16, 45] -0.7177083536176233
[57, 61, 19, 2, 100, 101, 12, 5, 39, 34, 241] -2.211896931889709
[120, 25, 12, 17, 51, 17, 5, 7, 17, 36, 52] -1.6740933306303423
[45, 34, 16, 2, 69, 103, 5, 14, 32, 33, 324] -1.4683674039226393
[42, 98, 18, 11, 66, 28, 11, 7, 49, 36, 434] -0.2501128478709342
[57, 61, 10, 18, 46, 108, 13, 14, 39, 34, 241] -0.90304986449332
[94, 80, 1, 17, 88, 20, 16, 12, 50, 28, 232] -0.1426408761421247
[120, 25, 12, 18, 115, 9, 18, 11, 32, 33, 52] 0.31678019420981945
[4, 64, 1, 2, 69, 8, 18, 14, 29, 45, 384] -0.49841529658799205
[11, 30, 4, 9, 36, 54, 9, 16, 31, 24, 387] -1.5873043905966464
[75, 105, 15, 13, 40, 61, 8, 11, 50, 16, 70] -0.9439007687216133
[94, 80, 4, 9, 2, 9, 8, 4, 46, 22, 232] 0.06279394573042901
[39, 63, 5, 18, 53, 59, 18, 14, 38, 13, 255] -0.6681760616505145
[15, 38, 10, 18, 45, 58, 18, 14, 36, 44, 246] -1.5815919273506038
[108, 111, 2, 18, 115, 9, 18, 11, 49, 36, 406] 0.07048955220894887
[4, 64, 1, 1, 64, 79, 11, 10, 44, 45, 384] -2.142090777233321
[108, 111, 2, 17, 51, 17, 5, 13, 49, 42, 406] 0.06088136810667766
[22, 107, 11, 5, 45, 58, 18, 15, 40, 29, 14] -0.17427006726447047
[59, 49, 17, 10, 3, 77, 20, 3, 46, 22, 415] -0.356986469832791
[45, 34, 17, 1, 64, 79, 2, 9, 17, 36, 324] -2.3266832394706434
[82, 95, 12, 17, 63, 27, 11, 10, 47, 16, 45] -0.9454773464099275
[97, 8, 2, 17, 2, 9, 8, 4, 44, 17, 238] 0.29975355112597957
[82, 64, 1, 2, 69, 27, 18, 14, 29, 16, 45] -0.3689035913529537
[52, 98, 4, 11, 66, 28, 11, 7, 29, 22, 273] -0.14558806802489532
[108, 111, 2, 17, 51, 17, 8, 4, 46, 42, 406] 0.05775762663681453
[97, 50, 1, 11, 82, 9, 8, 4, 44, 47, 238] -0.22327120031987463
[59, 111, 2, 18, 115, 9, 18, 3, 46, 22, 415] -0.18887570636839174
[97, 8, 2, 17, 2, 9, 18, 11, 32, 33, 238] 0.38660006279618775
[108, 111, 2, 17, 45, 17, 5, 7, 49, 36, 406] 0.0835274533728911
[94, 111, 2, 18, 115, 9, 18, 11, 49, 36, 232] 0.09772490620187357
[97, 8, 4, 9, 51, 17, 5, 7, 49, 36, 238] -0.6525783302668774
[97, 8, 2, 17, 2, 9, 18, 14, 29, 17, 238] 0.4340931263932604
[94, 80, 4, 2, 69, 8, 11, 10, 44, 22, 232] -0.2630324268170994
[94, 25, 12, 18, 115, 9, 18, 11, 32, 22, 232] -0.18672714643331936
[54, 49, 17, 10, 78, 51, 5, 13, 21, 42, 406] -1.6595836122739933
[82, 95, 12, 12, 63, 27, 1, 12, 49, 36, 45] -0.6970741666578314
[94, 80, 4, 9, 2, 9, 5, 13, 49, 22, 232] 0.2534837858748855
[91, 8, 4, 9, 2, 2, 20, 8, 21, 40, 87] 0.6120219467661993
[108, 49, 17, 10, 3, 77, 20, 11, 49, 36, 406] 0.11302018739659636
[120, 25, 12, 18, 115, 9, 8, 4, 44, 17, 52] -1.221244709145583
[22, 107, 11, 5, 51, 58, 18, 15, 40, 29, 14] 0.1339581926153845
[108, 80, 1, 17, 3, 77, 20, 3, 46, 22, 406] 0.20177895486336037
[108, 7, 2, 17, 2, 9, 8, 4, 44, 47, 182] 0.29096309235700063
[82, 95, 12, 12, 63, 27, 8, 4, 44, 16, 45] -0.7865689572253424
[4, 64, 1, 9, 2, 9, 8, 4, 46, 45, 384] 0.2686560585001431
[53, 50, 1, 17, 3, 77, 20, 3, 46, 33, 52] -0.23504238565335012
[59, 111, 2, 17, 51, 17, 20, 3, 46, 22, 415] 0.0406281702660336
[4, 64, 1, 2, 69, 8, 18, 14, 29, 16, 384] -0.5679746007986005
[94, 80, 1, 10, 3, 77, 8, 4, 44, 22, 232] 0.3509621066353685
[108, 23, 1, 4, 2, 9, 9, 15, 46, 47, 182] 0.27470910207012733
[120, 25, 12, 18, 115, 9, 18, 11, 49, 22, 52] -0.11992412058463106
[108, 80, 4, 9, 2, 2, 20, 8, 21, 40, 406] 0.18829506972407437
[108, 111, 2, 17, 45, 17, 5, 11, 32, 33, 406] 0.11104282668893194
[108, 111, 2, 17, 51, 17, 5, 13, 32, 33, 406] 0.0802648632126728
[22, 107, 11, 18, 51, 58, 18, 15, 40, 29, 14] -2.20786424328322
[108, 8, 4, 2, 2, 2, 20, 3, 46, 36, 406] 0.45007728896807336
[97, 8, 4, 9, 2, 2, 20, 4, 44, 17, 238] 0.23086843123748677
[97, 8, 2, 17, 2, 9, 20, 3, 46, 17, 238] 0.34766519744921304
[4, 7, 2, 17, 2, 9, 8, 4, 44, 45, 384] -0.9900734441400488
[17, 50, 1, 11, 86, 5, 20, 8, 21, 40, 481] 0.046682583301542194
[94, 80, 4, 9, 28, 9, 5, 13, 32, 33, 138] -0.24586884690669153
[91, 8, 1, 17, 3, 77, 20, 3, 46, 22, 87] 0.08269065112738011
[120, 25, 12, 18, 115, 9, 18, 7, 49, 36, 52] -0.3437065707611287
[97, 8, 2, 17, 2, 9, 18, 11, 49, 42, 238] 0.22069336656896482
[94, 111, 2, 1, 16, 9, 18, 11, 49, 36, 286] 0.273687614239592
[91, 80, 1, 17, 3, 77, 20, 8, 21, 40, 87] -0.015563620489781391
[91, 8, 2, 17, 2, 9, 8, 8, 21, 40, 87] 0.43791115305404454
[94, 80, 4, 9, 3, 77, 5, 13, 49, 22, 232] 0.01774228713394219
[4, 8, 2, 17, 2, 9, 18, 11, 32, 33, 384] -0.9013750156550768
[108, 80, 1, 17, 2, 9, 20, 3, 46, 22, 406] 0.4208694149041626
[97, 64, 1, 13, 2, 40, 8, 6, 46, 11, 238] 0.31156852218910186
[59, 111, 2, 17, 27, 17, 20, 3, 46, 22, 391] 0.1671418878619449
[108, 111, 2, 17, 51, 17, 8, 4, 44, 42, 406] 0.11345599271641582
[120, 80, 1, 10, 3, 77, 8, 4, 44, 33, 52] 0.29171824505132127
[108, 8, 4, 2, 2, 9, 9, 15, 46, 47, 182] 0.1496601361876662
[108, 80, 2, 17, 2, 9, 20, 3, 46, 22, 406] 0.4617674855996951
[97, 64, 1, 13, 2, 2, 8, 6, 46, 11, 238] 0.2125114337447364
[97, 8, 2, 17, 2, 9, 18, 3, 46, 17, 238] 0.3899591750648103
[120, 25, 12, 17, 2, 9, 20, 3, 46, 33, 52] 0.3850220513692532
[97, 8, 4, 17, 3, 2, 20, 4, 44, 17, 238] 0.17792898374765184
[97, 8, 2, 17, 2, 9, 18, 4, 44, 33, 238] 0.2603894986744775
[36, 8, 2, 1, 16, 48, 20, 8, 21, 46, 87] -1.7314531337624883
[94, 25, 12, 18, 115, 9, 18, 11, 32, 22, 232] 0.2749277282259493
[108, 23, 1, 4, 2, 2, 20, 3, 46, 36, 406] 0.21804938301332838
[97, 8, 1, 17, 2, 9, 18, 11, 32, 33, 238] 0.3809005244679668
[70, 8, 4, 9, 2, 11, 20, 1, 21, 40, 87] -0.052755947744618094
[94, 111, 2, 1, 16, 9, 20, 11, 49, 36, 286] 0.309937783141628
[97, 103, 2, 18, 2, 9, 18, 14, 29, 17, 238] 0.62952605453526
[108, 80, 1, 18, 115, 9, 18, 11, 32, 22, 406] 0.17160298040714111
[94, 80, 1, 9, 2, 77, 20, 3, 46, 22, 232] 0.2959203424112626
[97, 8, 2, 17, 2, 9, 8, 11, 32, 17, 238] 0.3837419266558633
[94, 111, 4, 9, 2, 9, 18, 11, 49, 36, 286] 0.09311227641917857