[1600, 37803, 13, 47, 1, 1, 1, 1, 1834, 1277, 1819]
[1268, 32472, 8, 64, 1, 1, 1, 1, 1977, 2142, 1974]
[5342, 7199, 45, 18, 1, 1, 1, 1, 1905, 943, 3557]
[737, 35078, 33, 71, 1, 1, 1, 1, 1886, 948, 3865]
[2873, 1908, 58, 86, 1, 1, 1, 1, 2021, 1181, 4202]
[3957, 33773, 90, 39, 1, 1, 1, 1, 1706, 2247, 382]
[4434, 16408, 100, 66, 1, 1, 1, 1, 677, 1398, 4265]
[1384, 51516, 25, 81, 1, 1, 1, 1, 1461, 589, 2627]
[5359, 38391, 55, 97, 1, 1, 1, 1, 2078, 908, 4520]
[4991, 15715, 56, 80, 1, 1, 1, 1, 1850, 1622, 146]
[3643, 51857, 99, 80, 1, 1, 1, 1, 1485, 1246, 4769]
[5041, 13596, 69, 67, 1, 1, 1, 1, 503, 1602, 4524]
[3212, 30525, 81, 18, 1, 1, 1, 1, 2135, 1628, 2191]
[765, 55664, 91, 24, 1, 1, 1, 1, 2044, 2047, 2403]
[2544, 18105, 19, 94, 1, 1, 1, 1, 842, 826, 2190]
[4820, 11519, 89, 49, 1, 1, 1, 1, 1470, 733, 293]
[3055, 25833, 48, 68, 1, 1, 1, 1, 2342, 1995, 4278]
[2212, 40191, 60, 17, 1, 1, 1, 1, 572, 1972, 1412]
[4150, 46677, 69, 69, 1, 1, 1, 1, 1308, 1882, 4817]
[3131, 43742, 85, 69, 1, 1, 1, 1, 2293, 597, 2609]
[1079, 56763, 14, 54, 1, 1, 1, 1, 767, 517, 4693]
[810, 39204, 32, 87, 1, 1, 1, 1, 910, 1210, 911]
[2185, 38077, 91, 70, 1, 1, 1, 1, 1106, 1532, 4194]
[640, 21821, 83, 66, 1, 1, 1, 1, 2256, 1171, 4714]
[1607, 22722, 59, 42, 1, 1, 1, 1, 2372, 2215, 4477]
[4469, 50828, 73, 45, 1, 1, 1, 1, 847, 841, 4509]
[2244, 18064, 47, 91, 1, 1, 1, 1, 733, 1096, 2026]
[5447, 51587, 96, 77, 1, 1, 1, 1, 1332, 649, 3214]
[1706, 54796, 21, 58, 1, 1, 1, 1, 1659, 667, 2285]
[3489, 58877, 42, 87, 1, 1, 1, 1, 2111, 593, 2522]
[601, 40717, 90, 16, 1, 1, 1, 1, 884, 990, 4907]
[3948, 11118, 19, 72, 1, 1, 1, 1, 1391, 1274, 4547]
[2908, 36558, 37, 76, 1, 1, 1, 1, 581, 555, 186]
[2921, 48110, 81, 55, 1, 1, 1, 1, 628, 631, 2699]
[5427, 30375, 19, 47, 1, 1, 1, 1, 875, 1609, 1802]
[3017, 13555, 36, 61, 1, 1, 1, 1, 685, 1835, 4805]
[3276, 15404, 54, 54, 1, 1, 1, 1, 2123, 2234, 4843]
[2980, 16611, 47, 27, 1, 1, 1, 1, 2155, 999, 3391]
[1092, 18067, 75, 24, 1, 1, 1, 1, 2037, 2122, 3042]
[4540, 31225, 24, 27, 1, 1, 1, 1, 2089, 806, 1259]
[3119, 20529, 18, 80, 1, 1, 1, 1, 1617, 1979, 360]
[3089, 54307, 84, 85, 1, 1, 1, 1, 1600, 823, 497]
[2525, 17053, 13, 72, 1, 1, 1, 1, 522, 1310, 2874]
[1905, 17406, 67, 18, 1, 1, 1, 1, 1687, 783, 4962]
[1525, 9576, 38, 50, 1, 1, 1, 1, 978, 1495, 161]
[1954, 35148, 45, 79, 1, 1, 1, 1, 1513, 1906, 4022]
[2343, 47217, 57, 58, 1, 1, 1, 1, 2063, 1547, 3120]
[1806, 34030, 31, 54, 1, 1, 1, 1, 1936, 1936, 3907]
[5370, 6068, 20, 92, 1, 1, 1, 1, 1373, 945, 4765]
[927, 32942, 92, 65, 1, 1, 1, 1, 1573, 685, 2190]
[1327, 18032, 99, 25, 1, 1, 1, 1, 2242, 1283, 3646]
[3754, 11297, 46, 71, 1, 1, 1, 1, 1383, 1730, 4474]
[3844, 8239, 89, 52, 1, 1, 1, 1, 888, 1582, 3694]
[5243, 1878, 8, 95, 1, 1, 1, 1, 1083, 803, 4542]
[2142, 18406, 44, 89, 1, 1, 1, 1, 1505, 1360, 1097]
[2211, 37891, 54, 41, 1, 1, 1, 1, 1665, 2030, 208]
[4966, 19925, 91, 98, 1, 1, 1, 1, 1395, 1530, 3023]
[4828, 21713, 5, 30, 1, 1, 1, 1, 1604, 1317, 2880]
[5181, 32763, 19, 97, 1, 1, 1, 1, 1068, 1801, 5000]
[4685, 13533, 64, 91, 1, 1, 1, 1, 1769, 1869, 4449]
[2116, 24055, 72, 15, 1, 1, 1, 1, 2263, 1773, 4887]
[1054, 32789, 100, 46, 1, 1, 1, 1, 1797, 2095, 3354]
[2713, 55961, 27, 24, 1, 1, 1, 1, 2289, 1902, 4558]
[2987, 10466, 64, 48, 1, 1, 1, 1, 1054, 1545, 907]
[5338, 28195, 13, 60, 1, 1, 1, 1, 1538, 1954, 1424]
[1262, 26840, 86, 50, 1, 1, 1, 1, 2314, 1183, 2304]
[1061, 5407, 94, 81, 1, 1, 1, 1, 1108, 1837, 4656]
[2709, 23821, 83, 44, 1, 1, 1, 1, 2117, 1031, 2800]
[2321, 17458, 83, 46, 1, 1, 1, 1, 2059, 1008, 2304]
[2055, 5253, 85, 36, 1, 1, 1, 1, 1578, 832, 1235]
[1631, 59080, 96, 71, 1, 1, 1, 1, 737, 1970, 1789]
[3002, 4971, 18, 44, 1, 1, 1, 1, 882, 592, 553]
[5394, 2025, 32, 19, 1, 1, 1, 1, 741, 1755, 1514]
[1280, 15053, 56, 44, 1, 1, 1, 1, 974, 982, 2423]
[4289, 36349, 79, 64, 1, 1, 1, 1, 1516, 1715, 1008]
[2251, 5667, 10, 16, 1, 1, 1, 1, 2236, 1688, 2452]
[2104, 26709, 25, 97, 1, 1, 1, 1, 797, 1861, 4544]
[967, 37511, 53, 47, 1, 1, 1, 1, 2355, 529, 390]
[4898, 4487, 72, 31, 1, 1, 1, 1, 686, 889, 326]
[4593, 42280, 21, 50, 1, 1, 1, 1, 1792, 1048, 2228]
[2491, 16584, 12, 90, 1, 1, 1, 1, 2353, 1223, 4580]
[3880, 35764, 30, 83, 1, 1, 1, 1, 1015, 863, 891]
[1737, 4347, 31, 69, 1, 1, 1, 1, 1526, 1258, 913]
[3061, 3129, 21, 83, 1, 1, 1, 1, 2063, 1949, 3754]
[701, 48775, 72, 49, 1, 1, 1, 1, 1118, 570, 3247]
[976, 48512, 38, 55, 1, 1, 1, 1, 2252, 1888, 2588]
[1270, 28341, 36, 79, 1, 1, 1, 1, 2334, 1696, 4041]
[1357, 9001, 88, 72, 1, 1, 1, 1, 1258, 1297, 4368]
[3156, 6881, 57, 59, 1, 1, 1, 1, 2169, 2136, 4471]
[3069, 27867, 43, 55, 1, 1, 1, 1, 1577, 749, 1318]
[3097, 48131, 46, 56, 1, 1, 1, 1, 1430, 1245, 3217]
[1140, 38443, 12, 32, 1, 1, 1, 1, 1939, 1675, 2874]
[3462, 52726, 87, 62, 1, 1, 1, 1, 1589, 1539, 1474]
[738, 10222, 37, 43, 1, 1, 1, 1, 1990, 1769, 510]
[1312, 36263, 92, 49, 1, 1, 1, 1, 1794, 1669, 4412]
[1143, 56543, 14, 42, 1, 1, 1, 1, 2343, 2235, 4086]
[2824, 14913, 30, 91, 1, 1, 1, 1, 1883, 1251, 4560]
[2046, 52808, 66, 24, 1, 1, 1, 1, 2029, 1589, 3218]
[4713, 57914, 67, 24, 1, 1, 1, 1, 2243, 1438, 152]
[2054, 20118, 94, 97, 1, 1, 1, 1, 2090, 1612, 4785]
