[38, 15, 14, 9, 1, 1, 1, 1, 16, 17, 399] 0.1988515085550245
[108, 51, 20, 10, 1, 1, 1, 1, 31, 34, 411] 0.018702150717023785
[13, 69, 16, 4, 1, 1, 1, 1, 16, 20, 180] -0.05184398573818276
[73, 88, 11, 8, 1, 1, 1, 1, 12, 38, 30] -0.04339734037002366
[10, 88, 9, 5, 1, 1, 1, 1, 22, 30, 128] 0.27594333671912874
[76, 106, 8, 6, 1, 1, 1, 1, 37, 42, 442] 0.014403379238602217
[6, 114, 4, 20, 1, 1, 1, 1, 31, 22, 288] 0.6438629578195668
[80, 120, 7, 7, 1, 1, 1, 1, 21, 11, 495] -0.001367785471222361
[65, 95, 18, 9, 1, 1, 1, 1, 17, 40, 407] -0.042866932869754834
[17, 97, 4, 1, 1, 1, 1, 1, 23, 34, 124] -0.05587312869863507
[2, 87, 5, 3, 1, 1, 1, 1, 18, 28, 107] 0.3425963926854961
[77, 14, 18, 11, 1, 1, 1, 1, 21, 43, 191] 0.016782236298255006
[72, 106, 12, 16, 1, 1, 1, 1, 22, 12, 350] 0.010518399424022698
[110, 10, 13, 16, 1, 1, 1, 1, 30, 38, 20] -0.1895703493768374
[7, 8, 17, 8, 1, 1, 1, 1, 40, 49, 106] 0.0004790962122659103
[26, 64, 14, 20, 1, 1, 1, 1, 46, 44, 193] 0.2651048456286509
[51, 62, 20, 11, 1, 1, 1, 1, 49, 20, 327] 0.2567996416950029
[21, 23, 10, 15, 1, 1, 1, 1, 17, 42, 66] -0.00489230671907378
[102, 58, 19, 1, 1, 1, 1, 1, 14, 28, 227] 0.15414420995978362
[19, 2, 16, 2, 1, 1, 1, 1, 28, 32, 415] 0.14282617397681258
[85, 1, 1, 18, 1, 1, 1, 1, 42, 16, 241] -0.012811913196887207
[12, 61, 5, 14, 1, 1, 1, 1, 23, 12, 106] 0.3019269476118043
[107, 82, 16, 4, 1, 1, 1, 1, 20, 17, 477] 0.05296986572852825
[29, 9, 3, 1, 1, 1, 1, 1, 33, 49, 35] 0.01764228567440465
[30, 89, 8, 14, 1, 1, 1, 1, 27, 25, 408] 0.28532696109437455
[109, 62, 4, 11, 1, 1, 1, 1, 49, 20, 327] 0.00010047776924602114
[102, 23, 10, 15, 1, 1, 1, 1, 17, 42, 227] -0.04845514668235564
[13, 69, 8, 4, 1, 1, 1, 1, 16, 20, 180] -0.16668969496148262
[6, 114, 4, 1, 1, 1, 1, 1, 31, 22, 288] 0.1043240689546503
[107, 82, 5, 14, 1, 1, 1, 1, 20, 17, 477] 0.017622255708887535
[80, 114, 7, 7, 1, 1, 1, 1, 21, 11, 495] -0.0028438876876498145
[10, 88, 9, 5, 1, 1, 1, 1, 14, 30, 128] 0.3540684726459323
[19, 2, 16, 2, 1, 1, 1, 1, 21, 32, 415] -0.12927085461439933
[38, 15, 8, 14, 1, 1, 1, 1, 27, 25, 399] 0.01834664071576964
[29, 9, 3, 1, 1, 1, 1, 1, 18, 49, 35] 0.032203760369863325
[7, 8, 20, 11, 1, 1, 1, 1, 40, 49, 106] 0.01102661049128109
[21, 58, 19, 1, 1, 1, 1, 1, 14, 28, 66] 0.010459052603392622
[30, 89, 16, 14, 1, 1, 1, 1, 27, 25, 408] 0.24437051323192263
[29, 9, 3, 20, 1, 1, 1, 1, 33, 49, 35] 0.02553643114406524
[12, 61, 16, 4, 1, 1, 1, 1, 23, 12, 106] 0.01557107160477802
[6, 120, 4, 20, 1, 1, 1, 1, 31, 22, 288] 0.6546174043810319
[102, 58, 19, 1, 1, 1, 1, 1, 22, 28, 227] 0.04979481524204016
[77, 14, 18, 11, 1, 1, 1, 1, 28, 43, 191] 0.09812458683874926
[30, 89, 14, 9, 1, 1, 1, 1, 16, 17, 408] -0.06817348562139179
[2, 87, 5, 3, 1, 1, 1, 1, 33, 28, 107] 0.24241790038606034
[51, 62, 17, 8, 1, 1, 1, 1, 49, 20, 327] 0.0022319536952039275
[30, 89, 3, 1, 1, 1, 1, 1, 27, 25, 408] -0.02385083776472642
[29, 9, 8, 14, 1, 1, 1, 1, 33, 49, 35] 0.037406057759070445
[26, 64, 17, 20, 1, 1, 1, 1, 21, 43, 193] 0.40682197516880225
[77, 14, 18, 11, 1, 1, 1, 1, 46, 44, 191] -0.1351578821431985
[12, 14, 18, 11, 1, 1, 1, 1, 23, 12, 106] 0.09383915756486867
[6, 120, 4, 20, 1, 1, 1, 1, 46, 22, 288] 0.5647500337920695
[26, 64, 17, 20, 1, 1, 1, 1, 18, 43, 193] 0.595203214701551
[38, 120, 4, 20, 1, 1, 1, 1, 31, 22, 236] 0.3367396604313798
[30, 89, 16, 14, 1, 1, 1, 1, 16, 17, 408] 0.20993228390514038
[10, 114, 4, 20, 1, 1, 1, 1, 14, 30, 128] 0.799446927991053
[51, 68, 13, 5, 1, 1, 1, 1, 22, 20, 391] 0.07032607430314751
[12, 61, 14, 20, 1, 1, 1, 1, 23, 12, 106] 0.252323330169818
[30, 89, 8, 20, 1, 1, 1, 1, 31, 22, 408] 0.40909483421339615
[77, 61, 5, 14, 1, 1, 1, 1, 28, 43, 191] 0.0021114349941180562
[26, 64, 14, 20, 1, 1, 1, 1, 31, 44, 193] 0.2938903914463154
[2, 87, 5, 8, 1, 1, 1, 1, 21, 28, 107] 0.7878382290466156
[38, 15, 14, 9, 1, 1, 1, 1, 27, 25, 399] 0.15547473957726995
[6, 88, 9, 5, 1, 1, 1, 1, 31, 22, 288] 0.2254154863313368
[10, 62, 20, 11, 1, 1, 1, 1, 49, 30, 128] 0.07276465076966272
[26, 64, 5, 14, 1, 1, 1, 1, 46, 44, 193] 0.027540504655462743
[6, 114, 4, 14, 1, 1, 1, 1, 27, 25, 288] 0.3461387640177844
[86, 51, 9, 5, 1, 1, 1, 1, 21, 43, 193] 0.010618172975718132
[10, 88, 9, 20, 1, 1, 1, 1, 31, 22, 128] 0.705191953167664
[30, 87, 5, 3, 1, 1, 1, 1, 27, 25, 408] -0.012752858557969928
[12, 61, 5, 20, 1, 1, 1, 1, 31, 12, 106] -0.002618168724844282
[10, 88, 17, 20, 1, 1, 1, 1, 22, 30, 128] 0.5255824187011082
[6, 114, 4, 5, 1, 1, 1, 1, 14, 30, 288] 0.5485138321834071
[2, 89, 8, 14, 1, 1, 1, 1, 33, 28, 107] 0.8552977203729893
[6, 120, 4, 14, 1, 1, 1, 1, 23, 22, 288] 0.788298545196151
[6, 64, 17, 20, 1, 1, 1, 1, 31, 22, 288] 0.23815395551009333
[6, 120, 4, 8, 1, 1, 1, 1, 23, 22, 288] 0.7348014026813396
[6, 114, 4, 14, 1, 1, 1, 1, 31, 25, 288] 0.7687678088084393
[2, 89, 8, 5, 1, 1, 1, 1, 33, 28, 107] 0.5972873013091995
[6, 120, 4, 5, 1, 1, 1, 1, 46, 22, 288] 0.5012733255993097
[101, 88, 4, 14, 1, 1, 1, 1, 22, 30, 128] -0.07110193521184469
[2, 120, 4, 20, 1, 1, 1, 1, 33, 28, 107] 0.8918470616841934
[6, 120, 4, 14, 1, 1, 1, 1, 27, 25, 288] 0.741558037668014
[110, 64, 20, 20, 1, 1, 1, 1, 21, 43, 128] 0.1628145987930946
[10, 114, 4, 20, 1, 1, 1, 1, 22, 30, 128] 0.7628832545825777
[26, 120, 4, 20, 1, 1, 1, 1, 18, 43, 193] 0.5723233971530496
[2, 87, 5, 14, 1, 1, 1, 1, 21, 28, 107] 0.8877915902190201
[10, 88, 9, 20, 1, 1, 1, 1, 27, 22, 128] 0.6436288168782519
[6, 114, 4, 14, 1, 1, 1, 1, 14, 30, 288] 0.8352814315171656
[6, 114, 4, 20, 1, 1, 1, 1, 14, 30, 288] 0.8506163015980446
[6, 114, 17, 20, 1, 1, 1, 1, 27, 25, 288] 0.6072254219899695
[6, 89, 8, 14, 1, 1, 1, 1, 31, 22, 288] 0.6143924191212554
[30, 89, 8, 14, 1, 1, 1, 1, 23, 22, 408] 0.33231036193455393
[26, 88, 9, 5, 1, 1, 1, 1, 14, 30, 193] 0.028400939651414596
[10, 88, 17, 20, 1, 1, 1, 1, 14, 30, 128] 0.6067332502559181
[10, 114, 4, 5, 1, 1, 1, 1, 14, 30, 128] 0.389134721164982
[6, 114, 4, 20, 1, 1, 1, 1, 46, 22, 288] 0.5388318189733393
[10, 88, 9, 20, 1, 1, 1, 1, 14, 30, 128] 0.7313582336438728
[26, 120, 4, 20, 1, 1, 1, 1, 21, 43, 193] 0.473006082415972
[10, 88, 4, 5, 1, 1, 1, 1, 14, 30, 128] 0.27820761163897406
[10, 114, 4, 20, 1, 1, 1, 1, 33, 28, 128] 0.7967389276641137
[6, 120, 4, 20, 1, 1, 1, 1, 18, 43, 288] 0.8493788300938846
[10, 88, 8, 14, 1, 1, 1, 1, 14, 30, 128] 0.6420844176947688
[6, 114, 4, 14, 1, 1, 1, 1, 31, 22, 288] 0.7635204008680815
[6, 89, 8, 14, 1, 1, 1, 1, 23, 22, 288] 0.6526982496026896
[2, 87, 5, 14, 1, 1, 1, 1, 33, 28, 107] 0.8495656032554146
[6, 114, 4, 7, 1, 1, 1, 1, 31, 30, 288] 0.6537162633353047
[6, 88, 9, 20, 1, 1, 1, 1, 23, 22, 288] 0.6431991395070493
[10, 87, 5, 8, 1, 1, 1, 1, 22, 30, 128] 0.5262549362097921
[6, 114, 4, 14, 1, 1, 1, 1, 33, 28, 288] 0.7500274282447367
[2, 87, 5, 20, 1, 1, 1, 1, 33, 28, 107] 0.828621277103562
[2, 120, 4, 20, 1, 1, 1, 1, 22, 30, 107] 0.904801741300104
[26, 120, 4, 8, 1, 1, 1, 1, 23, 22, 193] 0.13917942755905371
[2, 89, 9, 20, 1, 1, 1, 1, 33, 28, 107] 0.8214359649001146
[6, 120, 4, 14, 1, 1, 1, 1, 31, 22, 288] 0.6805228707817836
[10, 114, 4, 20, 1, 1, 1, 1, 31, 25, 128] 0.7459872644147814
[2, 89, 8, 14, 1, 1, 1, 1, 21, 28, 107] 0.8816536222374649
[10, 88, 9, 20, 1, 1, 1, 1, 14, 22, 128] 0.7062582331241029
[10, 105, 17, 8, 1, 1, 1, 1, 27, 48, 360] 0.03745106165900615
[2, 114, 4, 20, 1, 1, 1, 1, 21, 28, 107] 0.892196336862828
[2, 89, 8, 5, 1, 1, 1, 1, 14, 30, 107] 0.49298706185677166
[2, 120, 4, 14, 1, 1, 1, 1, 21, 28, 107] 0.902592008430077
[2, 89, 8, 14, 1, 1, 1, 1, 31, 25, 107] 0.8289281007126623
[10, 114, 4, 20, 1, 1, 1, 1, 27, 30, 128] 0.8317911617517538
[92, 16, 4, 14, 1, 1, 1, 1, 33, 28, 402] 0.008800187341200326
[6, 31, 4, 20, 1, 1, 1, 1, 18, 29, 288] 0.6021436513664438
[2, 89, 4, 14, 1, 1, 1, 1, 33, 28, 107] 0.8500914124468552
[2, 87, 5, 20, 1, 1, 1, 1, 21, 28, 107] 0.8833686420348977
[6, 87, 5, 20, 1, 1, 1, 1, 18, 43, 288] 0.8235828633393367
[6, 114, 4, 5, 1, 1, 1, 1, 31, 21, 288] 0.580581431450785
[2, 120, 8, 14, 1, 1, 1, 1, 21, 28, 107] 0.8999493149838296
[2, 89, 9, 20, 1, 1, 1, 1, 22, 30, 107] 0.837863780000659
[2, 87, 5, 8, 1, 1, 1, 1, 33, 28, 107] 0.8276462387275679
