[9305, 37803, 13, 37, 1, 1, 1, 1, 1834, 1277, 1819]
[6651, 32472, 8, 54, 1, 1, 1, 1, 1977, 2142, 1974]
[39241, 7199, 45, 8, 1, 1, 1, 1, 1905, 943, 3557]
[48069, 2403, 72, 33, 1, 1, 1, 1, 972, 1886, 1892]
[50369, 30620, 42, 7, 1, 1, 1, 1, 747, 2021, 2825]
[59192, 47783, 96, 69, 1, 1, 1, 1, 1703, 2493, 4190]
[55956, 33614, 55, 80, 1, 1, 1, 1, 1348, 1861, 1517]
[24559, 36466, 94, 91, 1, 1, 1, 1, 2094, 835, 4367]
[55547, 26272, 52, 67, 1, 1, 1, 1, 1940, 2237, 4959]
[38391, 26294, 87, 26, 1, 1, 1, 1, 1605, 2384, 4591]
[15715, 27006, 70, 49, 1, 1, 1, 1, 1285, 2104, 4298]
[53527, 8970, 71, 76, 1, 1, 1, 1, 2281, 1246, 4769]
[36833, 13596, 69, 57, 1, 1, 1, 1, 503, 1602, 4524]
[41361, 52040, 83, 47, 1, 1, 1, 1, 1627, 1696, 1580]
[56927, 6503, 75, 37, 1, 1, 1, 1, 1427, 529, 2403]
[16855, 18105, 19, 84, 1, 1, 1, 1, 842, 826, 2190]
[35062, 11519, 89, 39, 1, 1, 1, 1, 1470, 733, 293]
[20947, 25833, 48, 58, 1, 1, 1, 1, 2342, 1995, 4278]
[14202, 40191, 60, 7, 1, 1, 1, 1, 572, 1972, 1412]
[29707, 46677, 69, 91, 1, 1, 1, 1, 1572, 1828, 351]
[26380, 44730, 78, 46, 1, 1, 1, 1, 2482, 934, 488]
[20579, 5135, 14, 44, 1, 1, 1, 1, 767, 517, 4693]
[58087, 56240, 9, 80, 1, 1, 1, 1, 1274, 910, 2942]
[6989, 13984, 78, 91, 1, 1, 1, 1, 2420, 1863, 3295]
[19903, 33537, 68, 7, 1, 1, 1, 1, 821, 911, 2784]
[53658, 37419, 22, 48, 1, 1, 1, 1, 2215, 1276, 4586]
[23034, 58328, 92, 73, 1, 1, 1, 1, 673, 772, 1490]
[11415, 35772, 32, 39, 1, 1, 1, 1, 1196, 733, 2485]
[15913, 57347, 82, 96, 1, 1, 1, 1, 580, 1332, 699]
[25418, 57265, 23, 21, 1, 1, 1, 1, 1668, 1626, 1932]
[37591, 5857, 39, 51, 1, 1, 1, 1, 720, 2111, 474]
[54748, 19881, 6, 83, 1, 1, 1, 1, 2191, 2312, 427]
[12815, 16204, 80, 58, 1, 1, 1, 1, 1894, 994, 1402]
[49259, 55879, 18, 60, 1, 1, 1, 1, 1144, 705, 1800]
[43232, 21302, 10, 8, 1, 1, 1, 1, 1301, 1141, 3364]
[4626, 4706, 45, 81, 1, 1, 1, 1, 2107, 1765, 4547]
[57359, 45601, 65, 89, 1, 1, 1, 1, 1129, 907, 2118]
[24123, 5832, 40, 16, 1, 1, 1, 1, 1299, 2479, 2613]
[3190, 21946, 28, 45, 1, 1, 1, 1, 1614, 1752, 4843]
[53424, 39557, 16, 36, 1, 1, 1, 1, 648, 1048, 4615]
[57356, 5147, 98, 14, 1, 1, 1, 1, 1510, 1460, 1363]
[7114, 33361, 46, 14, 1, 1, 1, 1, 2182, 2272, 2719]
[20529, 7504, 95, 70, 1, 1, 1, 1, 1617, 2364, 360]
[51601, 21213, 84, 91, 1, 1, 1, 1, 1600, 823, 497]
[47346, 56998, 90, 36, 1, 1, 1, 1, 1624, 1012, 4534]
[29296, 56290, 73, 63, 1, 1, 1, 1, 1028, 1494, 299]
[52474, 42865, 58, 78, 1, 1, 1, 1, 1715, 756, 1234]
[17481, 54825, 40, 55, 1, 1, 1, 1, 1495, 515, 1554]
[35148, 21290, 69, 88, 1, 1, 1, 1, 1513, 1906, 4022]
[15249, 47217, 57, 48, 1, 1, 1, 1, 2063, 1547, 3120]
[10950, 34030, 31, 44, 1, 1, 1, 1, 1936, 1936, 3907]
[39466, 6068, 20, 82, 1, 1, 1, 1, 1373, 945, 4765]
[47659, 50159, 11, 68, 1, 1, 1, 1, 1614, 1994, 433]
[34852, 6424, 37, 85, 1, 1, 1, 1, 2484, 2088, 771]
[29667, 56269, 35, 53, 1, 1, 1, 1, 1397, 758, 4097]
[14394, 8311, 60, 81, 1, 1, 1, 1, 1008, 1275, 4682]
[762, 12941, 72, 61, 1, 1, 1, 1, 923, 854, 2432]
[10226, 36042, 30, 39, 1, 1, 1, 1, 1616, 1231, 4120]
[28022, 56579, 20, 31, 1, 1, 1, 1, 2351, 2153, 297]
[8237, 37810, 100, 6, 1, 1, 1, 1, 1672, 2149, 2649]
[29150, 33466, 91, 50, 1, 1, 1, 1, 1970, 1420, 2968]
[20475, 35843, 56, 48, 1, 1, 1, 1, 917, 1640, 131]
[18694, 42150, 81, 97, 1, 1, 1, 1, 1939, 848, 3781]
[41134, 44333, 72, 30, 1, 1, 1, 1, 2487, 1329, 2852]
[56942, 41238, 79, 98, 1, 1, 1, 1, 1789, 542, 3434]
[47770, 41739, 24, 86, 1, 1, 1, 1, 2169, 2089, 182]
[23401, 17839, 95, 57, 1, 1, 1, 1, 1492, 847, 3926]
[33944, 3474, 39, 70, 1, 1, 1, 1, 637, 1845, 3724]
[1793, 11256, 69, 95, 1, 1, 1, 1, 1739, 1123, 1811]
[35109, 14112, 35, 47, 1, 1, 1, 1, 1458, 1547, 4668]
[48782, 3759, 26, 43, 1, 1, 1, 1, 1649, 1318, 1511]
[32194, 52258, 38, 83, 1, 1, 1, 1, 2228, 1853, 350]
[56321, 59442, 84, 56, 1, 1, 1, 1, 888, 648, 1456]
[57585, 38454, 61, 79, 1, 1, 1, 1, 783, 2094, 1231]
[59080, 47407, 61, 51, 1, 1, 1, 1, 1970, 922, 2602]
[4971, 7472, 34, 55, 1, 1, 1, 1, 592, 613, 4994]
[2025, 58753, 32, 92, 1, 1, 1, 1, 1857, 2215, 2349]
[8237, 40689, 93, 27, 1, 1, 1, 1, 1513, 1421, 3195]
[49692, 11549, 34, 35, 1, 1, 1, 1, 1425, 1964, 2212]
[22134, 33027, 80, 19, 1, 1, 1, 1, 2133, 510, 4035]
[21443, 58750, 54, 79, 1, 1, 1, 1, 2302, 2188, 1347]
[52518, 2496, 6, 54, 1, 1, 1, 1, 766, 662, 3891]
[43239, 55548, 43, 6, 1, 1, 1, 1, 2411, 1060, 1062]
[28844, 6466, 29, 8, 1, 1, 1, 1, 1857, 1416, 3292]
[22114, 41857, 39, 38, 1, 1, 1, 1, 1216, 1377, 4689]
[42336, 34721, 12, 50, 1, 1, 1, 1, 1961, 1047, 692]
[16987, 12137, 17, 24, 1, 1, 1, 1, 608, 1804, 847]
[53784, 34109, 65, 69, 1, 1, 1, 1, 759, 1588, 371]
[29555, 44032, 21, 55, 1, 1, 1, 1, 1012, 2139, 2765]
[6122, 20281, 9, 54, 1, 1, 1, 1, 1033, 2127, 3214]
[53382, 8176, 91, 43, 1, 1, 1, 1, 1176, 2390, 2874]
[33878, 51855, 55, 79, 1, 1, 1, 1, 1572, 1644, 4862]
[46459, 34583, 73, 8, 1, 1, 1, 1, 1297, 1567, 2756]
[6881, 27337, 49, 21, 1, 1, 1, 1, 1355, 1110, 2711]
[23609, 18369, 46, 100, 1, 1, 1, 1, 2372, 1988, 2767]
[51926, 21967, 78, 13, 1, 1, 1, 1, 2369, 1245, 3217]
[53953, 58799, 15, 79, 1, 1, 1, 1, 1678, 2247, 2163]
[51876, 16580, 94, 78, 1, 1, 1, 1, 1129, 1451, 5000]
[22811, 35373, 69, 26, 1, 1, 1, 1, 1652, 773, 1023]
[12597, 50721, 57, 98, 1, 1, 1, 1, 918, 1035, 647]
