[2951, 7662, 2, 9, 741, 1514, 7464]
[8487, 8337, 7, 26, 929, 692, 8093]
[1214, 9846, 7, 14, 1744, 504, 7397]
[5113, 8910, 4, 19, 709, 1150, 601]
[1115, 3208, 1, 29, 1280, 1905, 3648]
[7665, 8946, 1, 17, 954, 1396, 8223]
[4568, 5831, 4, 22, 948, 1441, 4847]
[1102, 6409, 2, 6, 1788, 1982, 4956]
[2730, 9087, 6, 29, 1977, 1956, 8305]
[7665, 7159, 4, 10, 1081, 1703, 8281]
[7194, 7825, 1, 16, 997, 1327, 6888]
[3584, 6007, 6, 3, 1398, 1859, 8430]
[2518, 9377, 3, 17, 1305, 1258, 8123]
[1234, 6844, 1, 10, 1940, 1759, 9818]
[7198, 8301, 3, 6, 1528, 964, 301]
[4018, 7420, 4, 13, 1552, 1204, 9566]
[6538, 6761, 5, 22, 1622, 1747, 193]
[7036, 9419, 3, 17, 1649, 920, 7081]
[1669, 6941, 6, 19, 1635, 909, 8369]
[7523, 6972, 6, 14, 1208, 503, 8922]
[6175, 6753, 1, 26, 970, 1801, 3003]
[3711, 3750, 5, 2, 1878, 644, 1463]
[1023, 6710, 1, 25, 1075, 1011, 4501]
[2543, 9531, 3, 12, 1094, 642, 2843]
[3365, 5090, 3, 22, 1058, 1827, 4924]
[8199, 8755, 6, 16, 1470, 733, 487]
[5861, 6166, 6, 14, 885, 1029, 1881]
[4902, 8981, 4, 20, 1384, 542, 3792]
[1042, 6254, 3, 2, 1972, 828, 7401]
[7740, 7462, 4, 21, 1923, 1557, 7486]
[4406, 7291, 1, 13, 1882, 1679, 5363]
[7734, 3481, 5, 5, 934, 597, 5119]
[1908, 3626, 5, 30, 1110, 824, 6918]
[4884, 4068, 1, 18, 577, 1709, 3665]
[8300, 4405, 1, 13, 910, 1210, 1722]
[4121, 7697, 7, 19, 897, 1508, 1810]
[7140, 5425, 8, 1, 1166, 1753, 6691]
[5359, 3148, 3, 7, 1171, 1653, 2314]
[6305, 6516, 4, 9, 1881, 697, 6313]
[6383, 9862, 8, 25, 1590, 980, 1170]
[1411, 3693, 3, 6, 841, 1602, 3589]
[5141, 9218, 6, 20, 1536, 1022, 6131]
[6301, 5787, 2, 10, 981, 1736, 8108]
[2967, 7751, 2, 11, 580, 1332, 1299]
[6979, 9456, 3, 27, 756, 1198, 1979]
[6943, 3627, 4, 19, 667, 1046, 6078]
[5592, 7623, 2, 15, 1067, 720, 849]
[5595, 3101, 1, 3, 1346, 735, 755]
[3828, 4963, 7, 6, 736, 1423, 2842]
[4705, 4302, 2, 14, 1274, 1611, 4917]
[4901, 8829, 8, 11, 705, 925, 5300]
[1399, 3223, 1, 26, 1105, 1987, 9874]
[5996, 6685, 7, 11, 1316, 628, 1151]
[5949, 7927, 8, 4, 1012, 940, 8995]
[8432, 8421, 6, 9, 875, 1609, 3505]
[5785, 4631, 4, 12, 666, 1075, 1564]
[8088, 3741, 6, 8, 1299, 1128, 772]
[6111, 4530, 6, 26, 1685, 1120, 4127]
[6227, 3826, 2, 8, 950, 541, 4093]
[7332, 3592, 5, 18, 645, 1993, 1330]
[1102, 8205, 1, 10, 1235, 1510, 7781]
[3276, 3826, 6, 3, 1542, 1862, 2938]
[3692, 9358, 3, 5, 1154, 1125, 1851]
[5558, 4034, 4, 5, 1617, 1979, 620]
[5928, 9725, 4, 6, 1112, 1386, 8906]
[3336, 3397, 4, 9, 631, 1896, 7418]
[7797, 7499, 5, 18, 1399, 1601, 7527]
[928, 6241, 6, 6, 1028, 1494, 499]
[7576, 7674, 1, 2, 1916, 1226, 9603]
[3015, 7862, 3, 5, 1030, 1067, 6617]
[7321, 4410, 2, 8, 1495, 515, 3009]
[5947, 7103, 8, 30, 1905, 1808, 3798]
[4655, 5563, 8, 22, 1480, 960, 6854]
[6270, 7590, 5, 21, 949, 598, 1272]
[6790, 4306, 4, 10, 1111, 1918, 5008]
[6838, 4353, 8, 20, 674, 752, 8520]
[6930, 4444, 3, 9, 1373, 945, 9430]
[1604, 7055, 7, 23, 1804, 1212, 6391]
[3450, 7458, 1, 17, 685, 1022, 1755]
[5133, 9036, 2, 5, 1763, 1851, 1443]
[8041, 9971, 4, 28, 1283, 1386, 6608]
[3449, 5666, 8, 5, 1774, 1499, 3573]
[2702, 6532, 7, 30, 741, 1852, 4941]
[5299, 5033, 7, 24, 1645, 508, 3210]
[7938, 7743, 1, 1, 1785, 1740, 4068]
[5016, 4692, 3, 10, 803, 1610, 3384]
[5226, 5548, 5, 27, 1899, 1414, 2852]
[6598, 7020, 7, 28, 749, 927, 9447]
[7029, 4677, 5, 26, 721, 549, 2034]
[966, 7466, 5, 22, 1983, 1829, 2337]
[1981, 7099, 6, 19, 1137, 1395, 8341]
[6596, 9214, 6, 1, 753, 1405, 7465]
[6487, 5496, 7, 11, 1997, 1899, 9462]
[8815, 3926, 7, 13, 917, 1640, 163]
[5298, 8206, 4, 30, 1445, 1730, 8569]
[7450, 9100, 5, 23, 848, 1420, 8799]
[3983, 5944, 1, 22, 1297, 1686, 7077]
[7389, 5752, 2, 16, 1007, 1811, 4865]
[1090, 6334, 3, 21, 1313, 1053, 3018]
[1952, 9679, 1, 12, 1041, 1950, 6836]
