[10, 13, 30, 24, 26, 15, 34] 0.08360086499845526
[5, 2, 7, 4, 10, 21, 5] 0.07130685920577623
[16, 5, 23, 30, 15, 31, 88] 0.12634149526607905
[1, 19, 22, 17, 19, 11, 95] 0.3744950495049505
[18, 14, 11, 21, 10, 21, 29] 0.06814269005847949
[17, 12, 23, 19, 30, 34, 40] 0.06361735114629721
[18, 11, 12, 17, 38, 10, 92] 0.046686371100164194
[9, 10, 17, 15, 16, 15, 10] 0.06752000000000012
[10, 16, 13, 20, 40, 19, 8] 0.28161700281934504
[1, 19, 29, 16, 32, 18, 23] 0.19287693561532196
[11, 17, 1, 20, 10, 15, 33] 0.559891770011274
[9, 8, 23, 18, 12, 21, 4] 0.07262745098039215
[5, 12, 26, 19, 13, 21, 10] 0.044757272293752835
[20, 18, 18, 22, 40, 36, 53] 0.14502402584292357
[17, 15, 16, 26, 13, 17, 77] 0.08088054607508534
[5, 8, 13, 15, 37, 18, 69] 0.04044321329639893
[16, 12, 9, 17, 28, 31, 31] 0.3207773459189338
[12, 2, 11, 11, 40, 18, 71] 0.05105497452400107
[12, 1, 14, 18, 32, 38, 75] 0.05863724506853903
[2, 13, 26, 1, 23, 23, 31] 0.05673388691182282
[9, 6, 12, 18, 36, 40, 10] 0.12985406824146983
[5, 5, 2, 10, 21, 37, 3] 0.2095683827353094
[15, 8, 19, 17, 26, 35, 66] 0.06782639821029074
[18, 19, 14, 10, 31, 35, 14] 0.030037230081906223
[20, 13, 9, 27, 39, 24, 76] 0.24490881458966562
[14, 3, 26, 13, 23, 27, 53] 0.10811099966566365
[6, 9, 10, 19, 21, 31, 6] 0.43907182320441984
[14, 16, 6, 18, 27, 40, 94] 0.5101357970376889
[20, 14, 1, 18, 29, 23, 85] 0.33093532834580214
[14, 16, 19, 29, 32, 19, 49] 0.05552178318135764
[1, 16, 6, 18, 27, 18, 23] 0.23265151515151514
[18, 14, 26, 13, 23, 21, 29] 0.09220040404040405
[20, 13, 10, 19, 39, 24, 76] 0.09865691453338758
[20, 14, 23, 18, 12, 21, 85] 0.12594763343403828
[5, 2, 7, 4, 28, 21, 5] 0.038355658198614244
[20, 8, 19, 22, 40, 36, 53] 0.06565970481759947
[10, 13, 30, 24, 40, 15, 34] 0.0650122214234363
[6, 9, 12, 19, 21, 15, 33] 0.20768481078278903
[17, 12, 23, 30, 15, 34, 40] 0.08584879725085913
[1, 19, 22, 18, 29, 11, 95] 0.38568395061728394
[14, 16, 6, 18, 16, 15, 94] 0.3901970501474927
[10, 13, 13, 20, 26, 15, 34] 0.27089611217335885
[20, 13, 9, 17, 28, 24, 76] 0.09173495194739506
[11, 16, 19, 29, 32, 15, 33] 0.04932165450121655
[5, 5, 2, 26, 21, 37, 3] 0.41111742424242426
[14, 19, 29, 16, 32, 40, 94] 0.044566028097062595
[14, 3, 11, 21, 10, 27, 71] 0.0988092922744463
[6, 9, 9, 27, 21, 31, 6] 0.5423755458515284
[9, 8, 1, 18, 29, 23, 4] 0.2866639892904953
[16, 12, 9, 17, 10, 31, 31] 0.05145221262110508
[15, 18, 18, 17, 26, 35, 66] 0.04003933839964236
[10, 16, 13, 20, 26, 19, 8] 0.3456429308565531
[6, 17, 1, 20, 10, 31, 6] 0.7430333075135555
[16, 5, 23, 19, 30, 31, 88] 0.07939343504392035
[20, 14, 1, 17, 19, 23, 85] 0.3123811912225705
[9, 10, 17, 15, 27, 40, 10] 0.03243851018973994
[10, 16, 30, 24, 40, 19, 8] 0.056449032258064503
[16, 12, 9, 27, 39, 31, 31] 0.3095081018518519
[14, 17, 1, 20, 10, 19, 49] 0.5826120114394662
[17, 15, 16, 10, 13, 17, 77] 0.0778569359976832
[20, 14, 1, 18, 27, 23, 85] 0.28812051948051953
[1, 19, 9, 17, 28, 18, 23] 0.2818069953645175
[16, 12, 9, 27, 39, 18, 31] 0.2326037996545768
[14, 9, 9, 27, 21, 11, 29] 0.18658092175777063
[6, 19, 18, 28, 29, 31, 98] 0.5383970588235294
[6, 15, 2, 20, 36, 15, 33] 0.40661895294897277
[10, 16, 1, 18, 40, 19, 8] 0.3282977833542451
[14, 17, 1, 20, 10, 36, 49] 0.6822806806806806
[20, 14, 1, 6, 10, 19, 85] 0.3369358024691358
[5, 16, 13, 20, 21, 37, 3] 0.5479715210355988
[20, 17, 1, 17, 19, 23, 85] 0.44036142211746215
[1, 19, 22, 17, 16, 40, 95] 0.12456790123456804
[6, 9, 12, 19, 21, 31, 1] 0.26177547495682213
[2, 9, 9, 23, 39, 23, 6] 0.5137443609022556
[14, 16, 6, 18, 18, 40, 2] 0.5862285136501516
[16, 12, 29, 16, 32, 31, 31] 0.07554460325283396
[1, 16, 6, 18, 27, 31, 23] 0.15602300938540728
[20, 18, 10, 19, 19, 36, 53] 0.1202332761578045
[5, 13, 1, 26, 21, 37, 3] 0.6820041279669763
[9, 8, 13, 20, 29, 23, 4] 0.1891955342902711
[1, 19, 22, 18, 29, 19, 95] 0.2620745866974241
[14, 17, 1, 18, 29, 23, 49] 0.42222689239151584
[10, 5, 2, 26, 26, 19, 8] 0.23510942120828054
[11, 14, 1, 20, 10, 15, 33] 0.5101316561844863
[9, 6, 12, 18, 19, 11, 10] 0.05730329289428074
[6, 9, 10, 19, 21, 15, 6] 0.3207735042735043
[16, 12, 9, 27, 21, 31, 31] 0.42210837438423643
[1, 19, 2, 18, 29, 11, 95] 0.5596984126984127
[16, 12, 9, 17, 10, 31, 31] 0.04708611955420475
[5, 5, 22, 26, 21, 37, 3] 0.03515606936416189
[14, 15, 2, 20, 36, 40, 94] 0.2887544006705784
[20, 17, 9, 23, 19, 23, 85] 0.42205087014725573
[6, 9, 1, 20, 10, 31, 6] 0.5749484536082474
[1, 19, 2, 18, 21, 11, 88] 0.40244183006535944
[6, 19, 18, 28, 21, 31, 98] 0.5220109843683988
[14, 16, 6, 18, 27, 40, 2] 0.5153661006851356
[6, 9, 6, 18, 21, 31, 6] 0.465560907504363
[11, 19, 22, 18, 10, 15, 33] 0.07517206349206351
[14, 19, 18, 18, 18, 40, 2] 0.03245181532944863
[11, 17, 1, 26, 21, 37, 33] 0.5449227467811159
[14, 17, 13, 20, 10, 19, 49] 0.31337170263788966
[6, 13, 6, 18, 27, 15, 33] 0.4328687631027254
[2, 9, 1, 17, 39, 23, 6] 0.4018782608695652
[14, 17, 9, 27, 21, 19, 49] 0.44846835169583066
[2, 3, 1, 20, 10, 15, 33] 0.18944983818770234
[5, 16, 13, 20, 29, 37, 3] 0.5619376026272578
[5, 13, 3, 26, 29, 37, 3] 0.6651989974937343
[14, 16, 6, 18, 18, 40, 94] 0.5750793650793651
[14, 16, 9, 27, 16, 15, 94] 0.2962457757296468
[1, 14, 1, 20, 29, 11, 95] 0.35004570527974777
[6, 16, 6, 28, 29, 31, 98] 0.6550941683685046
[5, 13, 1, 20, 10, 15, 3] 0.5963711340206186
[10, 16, 1, 21, 26, 19, 10] 0.4523899948953548
[6, 17, 10, 19, 10, 31, 6] 0.6793495440729482
[1, 19, 1, 18, 29, 11, 95] 0.4158258706467661
[19, 19, 1, 11, 39, 31, 6] 0.14970929564517985
[10, 17, 2, 18, 22, 23, 49] 0.5169822541966427
[11, 9, 9, 27, 21, 15, 33] 0.2877408568443052
[2, 19, 2, 18, 29, 11, 6] 0.6096303740926856
[1, 9, 9, 23, 39, 23, 95] 0.15086770652801854
[7, 19, 2, 18, 29, 11, 6] 0.4329007407407408
[5, 13, 13, 20, 29, 37, 3] 0.4924534883720931
[14, 16, 6, 18, 18, 31, 2] 0.521864473168821
[5, 13, 1, 26, 21, 36, 3] 0.6741479738562092
[6, 16, 6, 18, 22, 23, 98] 0.558528018486424
[14, 17, 1, 21, 26, 19, 49] 0.41018918336565396
[6, 17, 1, 27, 10, 31, 6] 0.7532087042532146
[6, 17, 1, 20, 10, 36, 6] 0.7709148148148148
[11, 17, 1, 18, 21, 37, 33] 0.33910174680352956
[5, 13, 1, 18, 10, 15, 3] 0.583916955017301
[1, 19, 1, 20, 29, 11, 95] 0.6775995070856439
[14, 17, 1, 20, 29, 37, 49] 0.520096669613911
[2, 19, 1, 20, 10, 23, 6] 0.7707226420375035
[14, 16, 3, 26, 29, 37, 80] 0.5146439155814998
[6, 9, 9, 27, 21, 40, 6] 0.6067071473750791
[14, 17, 1, 20, 10, 37, 49] 0.6884183006535947
[10, 17, 2, 28, 29, 31, 49] 0.5669210188748396
[10, 16, 1, 20, 10, 19, 10] 0.5479047619047619
[6, 9, 9, 20, 21, 31, 6] 0.4720635578583765
[14, 17, 10, 19, 10, 31, 49] 0.4512055089304929
[14, 16, 6, 26, 18, 40, 94] 0.5983477124183005
[2, 19, 2, 20, 29, 11, 6] 0.6163305785123967
[11, 17, 2, 18, 10, 15, 33] 0.5607140085370587
[5, 13, 8, 26, 10, 19, 3] 0.6873120890237733
[14, 17, 6, 18, 18, 19, 49] 0.4554775182115047
[2, 14, 2, 18, 29, 11, 6] 0.518556927297668
[14, 16, 1, 20, 10, 40, 94] 0.6908317610062892
[11, 19, 1, 20, 10, 15, 33] 0.6099386152748038
[14, 16, 6, 18, 10, 40, 94] 0.6456661095636026
[6, 6, 1, 20, 18, 30, 6] 0.3771411589895988
[5, 19, 8, 26, 10, 19, 3] 0.6974289508632139
[14, 17, 1, 20, 10, 40, 49] 0.4057748049052397
[1, 19, 1, 20, 29, 37, 95] 0.7923816925734024
[6, 16, 6, 18, 10, 40, 98] 0.7285329894691597
[14, 17, 1, 18, 18, 40, 2] 0.3122618932430254
[6, 19, 1, 20, 10, 31, 6] 0.7667309692671396
[14, 16, 6, 26, 21, 40, 94] 0.593232332856916
[6, 13, 1, 27, 10, 31, 6] 0.7179228336495889
[14, 16, 6, 20, 10, 15, 94] 0.5181199255121043
[14, 19, 1, 20, 10, 36, 49] 0.7004699099099099
[6, 17, 1, 20, 10, 37, 6] 0.774486779661017
[6, 19, 1, 19, 10, 31, 6] 0.7663720491029272
[6, 17, 1, 20, 21, 31, 6] 0.6527301804889194
[2, 16, 1, 20, 10, 23, 6] 0.7640387275242047
[6, 16, 1, 28, 29, 31, 98] 0.6453187214611873
[2, 13, 1, 20, 10, 23, 6] 0.7193786733837112
[14, 16, 1, 20, 10, 37, 94] 0.6709122175564887
[5, 13, 1, 26, 21, 11, 3] 0.45393878686700057
[14, 16, 6, 28, 29, 31, 94] 0.4869596111949053
[6, 16, 6, 20, 10, 37, 6] 0.763673390970221
[5, 13, 1, 26, 18, 36, 3] 0.7259518207282912
[5, 17, 8, 26, 10, 19, 3] 0.6721813673397096
[5, 13, 1, 18, 18, 40, 3] 0.6796187532199898
[1, 17, 10, 20, 29, 11, 95] 0.5167655913978495
[5, 13, 1, 26, 10, 36, 3] 0.7399932773109243
[14, 19, 1, 20, 10, 40, 94] 0.4738983966244726
[6, 17, 6, 27, 10, 31, 6] 0.7508935742971887
[5, 17, 1, 27, 10, 31, 3] 0.792037706205813
[1, 19, 1, 20, 10, 11, 95] 0.48630520646319564
[6, 13, 1, 26, 21, 36, 6] 0.6776870959400052
[5, 17, 6, 27, 10, 31, 3] 0.757514543114543
[2, 13, 1, 20, 10, 36, 6] 0.7617516531961792
[6, 5, 6, 20, 10, 37, 6] 0.41929577464788736
[6, 13, 1, 26, 18, 31, 6] 0.6429537754809073
[6, 17, 8, 26, 10, 31, 6] 0.751534581772784
[6, 16, 2, 11, 10, 37, 6] 0.6456250871080139
[6, 17, 1, 20, 10, 31, 3] 0.7425118679050569
[5, 20, 8, 26, 10, 31, 3] 0.7967859739149027
[5, 13, 1, 27, 10, 37, 3] 0.7572329317269076
[5, 13, 1, 26, 10, 23, 3] 0.70747
[5, 13, 1, 27, 10, 36, 3] 0.6263637976929903
[1, 19, 1, 27, 29, 37, 95] 0.6797622407526192
[5, 19, 1, 20, 10, 19, 3] 0.7351285974499089
[2, 16, 1, 19, 10, 23, 6] 0.7578936781609196
[14, 13, 1, 20, 10, 40, 94] 0.642916890080429
[2, 19, 6, 20, 10, 23, 6] 0.7614629819174344
[14, 19, 1, 19, 10, 31, 49] 0.5125745669623997
[6, 17, 6, 27, 10, 19, 6] 0.6754675008689608
[6, 13, 1, 26, 21, 31, 6] 0.6396592338479131
[6, 19, 1, 27, 10, 31, 6] 0.788482583621684
[6, 16, 8, 26, 10, 37, 6] 0.7731687471104947
[2, 19, 1, 19, 10, 23, 6] 0.7938764525993884
[5, 13, 1, 20, 18, 36, 3] 0.658644951140065
[6, 13, 1, 20, 10, 31, 6] 0.6819286403085825
[5, 19, 6, 20, 10, 19, 3] 0.7433607103218646
[1, 19, 1, 26, 29, 37, 95] 0.8540592119275826
[6, 19, 1, 20, 10, 23, 6] 0.7275531788472964
[4, 19, 1, 20, 10, 31, 6] 0.7771143184421535
[14, 19, 1, 20, 21, 37, 49] 0.4367191482980957
[2, 17, 1, 20, 10, 23, 6] 0.7816790619765495
[2, 16, 1, 20, 10, 36, 6] 0.8078092986603624
[5, 20, 8, 20, 10, 23, 3] 0.7116210403952339
[2, 19, 1, 27, 10, 31, 6] 0.8608762433495257
[9, 1, 1, 19, 10, 31, 6] 0.08167244701348744
[5, 3, 1, 27, 10, 31, 3] 0.3275172413793104
[5, 16, 8, 26, 10, 31, 3] 0.7450800865800865
[2, 17, 1, 20, 10, 36, 6] 0.8194154154154154
[5, 17, 1, 20, 10, 31, 3] 0.7432819714656291
[4, 17, 1, 20, 10, 31, 6] 0.7536141414141414
[2, 13, 1, 20, 10, 23, 6] 0.7175171218032076
[2, 19, 6, 26, 10, 31, 6] 0.8352334079045488
[6, 17, 1, 20, 10, 23, 6] 0.6888054211035818
[6, 20, 6, 20, 10, 37, 6] 0.8058607198748045
[6, 13, 1, 20, 10, 36, 6] 0.7108648018648018
[2, 17, 1, 27, 10, 23, 6] 0.8202568807339451
[6, 19, 1, 20, 10, 37, 6] 0.7962260442260441
[15, 19, 1, 20, 29, 37, 95] 0.5265450683658569
[6, 19, 6, 27, 10, 31, 6] 0.7824517906336088
[1, 19, 6, 20, 10, 37, 95] 0.19813726647000973
[6, 16, 1, 27, 10, 37, 6] 0.7801452694887809
[2, 19, 1, 26, 29, 23, 6] 0.7860746268656715
[6, 19, 8, 26, 10, 31, 6] 0.7777826786124511
[4, 19, 6, 20, 10, 31, 6] 0.7653582018173123
[2, 17, 1, 19, 10, 23, 6] 0.7782086212569924
[6, 19, 1, 19, 29, 31, 6] 0.642010329757648
[1, 19, 1, 26, 10, 37, 95] 0.8726327142001198
[5, 20, 1, 26, 10, 31, 3] 0.8000624187256178
[1, 19, 8, 26, 29, 37, 95] 0.5694083913135147
[6, 16, 8, 26, 10, 31, 6] 0.7339994593133279
[6, 19, 1, 19, 10, 37, 6] 0.7537497076023392
[5, 17, 1, 20, 10, 31, 3] 0.7444040404040404
[6, 19, 1, 26, 10, 31, 6] 0.7562344116268167
[2, 20, 6, 20, 10, 23, 6] 0.7710136986301369
[7, 7, 1, 27, 10, 31, 6] 0.5334585111427217
[2, 17, 6, 26, 10, 31, 6] 0.817286432160804
[2, 17, 1, 26, 29, 37, 6] 0.7875855975259554
[5, 19, 1, 26, 10, 37, 3] 0.8080464464464464
[1, 19, 1, 20, 29, 23, 95] 0.3519102040816327
[2, 17, 1, 20, 10, 36, 3] 0.7804569563443492
[2, 19, 6, 27, 10, 23, 6] 0.8215708406819519
[6, 19, 6, 27, 10, 37, 6] 0.8122765491133692
[2, 19, 1, 19, 10, 31, 5] 0.8196202270381837
[2, 20, 1, 26, 10, 36, 6] 0.8664317870424741
[2, 16, 1, 20, 29, 36, 6] 0.7607837301587302
[1, 19, 6, 27, 31, 37, 95] 0.7375757575757576
[6, 17, 1, 27, 10, 16, 93] 0.7051315315315315
[6, 19, 1, 20, 10, 36, 6] 0.7922026800670017
[1, 19, 1, 20, 10, 36, 95] 0.8227382113821138
[1, 20, 1, 26, 15, 21, 76] 0.8471712674384091
[2, 19, 1, 26, 29, 37, 6] 0.8055059487799959
[2, 16, 1, 27, 10, 31, 6] 0.8129029319669798
[2, 17, 1, 26, 10, 31, 6] 0.8309167315175097
[6, 20, 6, 20, 10, 31, 6] 0.7518568479008947
[2, 19, 1, 27, 10, 23, 6] 0.8327850133809099
[2, 17, 1, 26, 10, 23, 6] 0.824611165523996
[2, 19, 1, 26, 10, 37, 6] 0.855399959125281
[2, 19, 6, 27, 10, 31, 26] 0.835093415007657
[5, 20, 1, 27, 10, 31, 3] 0.8168870636550308
[1, 19, 1, 26, 29, 23, 95] 0.8134920325203253
[5, 20, 1, 26, 29, 31, 3] 0.7354614443084455
[2, 11, 5, 26, 10, 31, 30] 0.7297409663012586
[1, 19, 1, 26, 10, 31, 95] 0.5919308510638297
[1, 20, 1, 26, 10, 36, 95] 0.8728092948717948
[1, 19, 1, 26, 15, 37, 95] 0.8682261306532664
[1, 20, 1, 27, 15, 21, 76] 0.8527572016460905
[5, 20, 8, 26, 10, 33, 3] 0.7974460093896714
[2, 20, 1, 26, 10, 23, 6] 0.8471601584606677
[2, 20, 1, 27, 34, 31, 53] 0.7871231073074391
[1, 19, 1, 27, 29, 23, 95] 0.8218037686809616
[2, 19, 6, 27, 29, 37, 26] 0.8077973462002412
[2, 20, 1, 25, 10, 23, 6] 0.8397617411225659
[2, 16, 7, 20, 36, 16, 30] 0.5774643949322849
[1, 20, 1, 26, 10, 21, 76] 0.8659162363740677
[2, 19, 7, 27, 10, 23, 96] 0.8166839439976169
[2, 19, 6, 26, 10, 31, 26] 0.8370244604316547
[2, 16, 13, 27, 10, 31, 6] 0.7236293785310735
[2, 17, 1, 26, 10, 36, 6] 0.8422778541953232
[2, 20, 1, 27, 10, 36, 6] 0.8721301568855316
[1, 20, 1, 27, 10, 31, 76] 0.8794975599405898
[2, 19, 6, 26, 33, 31, 6] 0.7768655132641291
[2, 20, 6, 20, 10, 23, 6] 0.7717427358798563
[2, 19, 1, 26, 10, 23, 6] 0.8189943603443158
[2, 10, 25, 26, 10, 31, 6] 0.08893693693693688
[2, 12, 1, 26, 15, 21, 6] 0.7053723677452491
[2, 20, 1, 26, 10, 31, 6] 0.8589971130357539
[1, 10, 1, 26, 15, 21, 76] 0.7152872400224846
[2, 19, 6, 26, 10, 31, 70] 0.8325709900230238
[2, 19, 1, 26, 10, 31, 6] 0.8494119850187266
[1, 19, 6, 20, 10, 36, 95] 0.19273769790329484
[2, 19, 6, 27, 33, 11, 6] 0.6412197686645636
[2, 20, 1, 27, 10, 23, 6] 0.8346598812553011
[1, 17, 1, 26, 10, 21, 76] 0.841858910063524
[2, 19, 1, 27, 10, 31, 26] 0.8543660130718954
[2, 19, 1, 26, 37, 37, 6] 0.806769850866586
[1, 20, 1, 17, 10, 14, 67] 0.7423793738489871
[1, 19, 1, 26, 15, 21, 76] 0.839601246105919
[2, 20, 1, 27, 15, 31, 6] 0.8463724658180104
[17, 17, 1, 27, 10, 36, 6] 0.6018684503901895
[1, 20, 1, 26, 10, 37, 76] 0.88409534286762
[1, 20, 1, 26, 10, 31, 76] 0.8834943120841383
[2, 20, 1, 25, 10, 36, 6] 0.8578092332723205
[2, 19, 6, 27, 10, 31, 6] 0.834071392659628
[7, 17, 1, 26, 10, 36, 6] 0.7857605004468275
[1, 19, 4, 26, 19, 31, 76] 0.5534589024682482
[1, 19, 1, 27, 10, 21, 76] 0.8695785993387436
[1, 19, 1, 26, 10, 21, 95] 0.8524363636363637
[2, 20, 1, 26, 15, 21, 6] 0.8130894941634241
[2, 20, 1, 27, 10, 31, 6] 0.8641870407481631
[2, 19, 1, 26, 10, 36, 6] 0.8565842051282051
[1, 20, 1, 27, 10, 37, 95] 0.8829459064327486
[2, 20, 1, 26, 10, 21, 6] 0.8393973094170404
[2, 17, 1, 27, 10, 31, 6] 0.8364894777864381
